T, N2, O2, NO, N, O, Ar, Ar+, N+, O+, NO+, e-
1205.61, 0.755078, 0.231334, 0.000210257, 5.58263e-312, 1.2219e-08, 0.0133786, 0, 0, 0, 3.49719e-14, 0
1151.05, 0.755112, 0.231373, 0.000136318, 0, 3.76583e-09, 0.0133786, 0, 0, 0, 1.27116e-10, 0
1129.05, 0.755123, 0.231385, 0.000113166, 0, 2.27115e-09, 0.0133786, 0, 0, 0, 1.62945e-09, 0
1133.99, 0.755121, 0.231383, 0.000118158, 0, 2.55379e-09, 0.0133786, 0, 0, 0, 9.24543e-09, 0
1161.04, 0.755107, 0.231367, 0.000148117, 0, 4.71837e-09, 0.0133786, 0, 0, 0, 5.0163e-10, 0
1206.02, 0.755077, 0.231333, 0.000210893, 5.35725e-319, 1.23196e-08, 0.0133786, 0, 0, 0, 1.29444e-10, 0
1265.03, 0.755025, 0.231274, 0.000322623, 6.28819e-276, 3.90806e-08, 0.0133786, 0, 0, 0, 2.62453e-11, 0
1334.59, 0.754939, 0.231175, 0.000507537, 1.59725e-225, 1.337e-07, 0.0133786, 0, 0, 0, 1.33387e-11, 0
1411.59, 0.754804, 0.231021, 0.000795397, 3.64088e-178, 4.52539e-07, 0.0133786, 0, 0, 0, 6.9803e-12, 0
1493.29, 0.754607, 0.230795, 0.00121774, 3.4442e-135, 1.43729e-06, 0.0133786, 0, 0, 0, 4.0199e-12, 0
1577.43, 0.754334, 0.230481, 0.00180257, 3.09295e-95, 4.16565e-06, 0.0133786, 0, 0, 0, 7.16103e-12, 0
1662.14, 0.753976, 0.230065, 0.00256939, 2.71338e-66, 1.08984e-05, 0.0133786, 0, 0, 0, 7.31086e-13, 0
1745.96, 0.75353, 0.22954, 0.00352587, 8.5419e-38, 2.57265e-05, 0.0133785, 0, 0, 5.83716e-315, 6.33815e-13, 0
1827.76, 0.752997, 0.228902, 0.00466674, 9.10412e-14, 5.50806e-05, 0.0133785, 0, 0, 3.38576e-287, 6.26162e-13, 0
1906.63, 0.752387, 0.228153, 0.00597449, 1.27345e-10, 0.000107793, 0.0133785, 0, 0, 2.46767e-262, 6.96978e-13, 0
1981.91, 0.751711, 0.227294, 0.00742145, 3.94098e-10, 0.000194477, 0.0133785, 0, 0, 8.53344e-240, 8.63763e-13, 0
2053.08, 0.750987, 0.226335, 0.0089728, 1.06215e-09, 0.000326213, 0.0133785, 0, 0, 1.75963e-219, 1.17836e-12, 2.68266e-285
2119.76, 0.750232, 0.225287, 0.0105901, 2.53099e-09, 0.000512811, 0.0133785, 0, 0, 2.37129e-212, 6.44211e-13, 4.19218e-252
2181.75, 0.749464, 0.224161, 0.0122352, 5.40826e-09, 0.000761176, 0.0133785, 1.92164e-304, 0, 4.44511e-195, 1.03284e-12, 3.95468e-222
2239.02, 0.748698, 0.222973, 0.0138754, 1.0508e-08, 0.00107466, 0.0133785, 1.67814e-270, 0, 1.6779e-168, 4.81241e-12, 3.4509e-196
2291.63, 0.747949, 0.22174, 0.01548, 1.87743e-08, 0.0014518, 0.0133785, 4.92263e-252, 0, 3.7669e-154, 8.74436e-12, 7.73924e-176
2339.83, 0.747225, 0.220477, 0.0170303, 3.12224e-08, 0.00188876, 0.0133785, 6.60828e-248, 0, 6.56966e-151, 6.14613e-12, 2.51709e-158
2383.97, 0.746533, 0.219195, 0.0185145, 4.88488e-08, 0.00237968, 0.0133785, 3.02778e-244, 0, 4.74502e-148, 4.50887e-12, 5.98461e-143
2424.45, 0.745873, 0.217903, 0.0199274, 7.25849e-08, 0.00291816, 0.0133785, 3.31972e-228, 1.10619e-303, 7.17634e-136, 9.32172e-12, 9.42808e-131
2461.69, 0.745247, 0.216608, 0.0212684, 1.03282e-07, 0.0034981, 0.0133785, 1.79876e-225, 1.12944e-297, 9.67435e-134, 7.3071e-12, 5.50561e-119
2496.1, 0.744652, 0.215312, 0.022542, 1.41776e-07, 0.00411503, 0.0133785, 5.02588e-198, 1.74186e-262, 3.37353e-113, 4.34047e-11, 4.58669e-112
2528.04, 0.744089, 0.214021, 0.0237491, 1.88687e-07, 0.00476291, 0.0133785, 4.33647e-196, 4.39543e-258, 9.3271e-112, 3.56403e-11, 4.59361e-103
2557.83, 0.743553, 0.212733, 0.0248965, 2.44744e-07, 0.00543899, 0.0133785, 2.77689e-194, 4.94269e-254, 1.93269e-110, 2.97852e-11, 6.58036e-95
2585.75, 0.743043, 0.211449, 0.0259892, 3.10609e-07, 0.00614047, 0.0133785, 1.33829e-180, 3.43773e-236, 2.06028e-100, 6.86881e-11, 4.10356e-90
2612.05, 0.742556, 0.210168, 0.0270322, 3.86923e-07, 0.00686506, 0.0133785, 3.41298e-179, 5.86447e-233, 2.05004e-99, 5.90257e-11, 2.09028e-83
2636.91, 0.74209, 0.20889, 0.0280295, 4.74309e-07, 0.00761082, 0.0133785, 6.81444e-178, 5.75878e-230, 1.72647e-98, 5.12866e-11, 3.50855e-77
2660.51, 0.741643, 0.207613, 0.0289868, 5.73559e-07, 0.00837741, 0.0133785, 1.12764e-153, 2.87138e-200, 4.5946e-81, 3.32454e-10, 4.74914e-77
2682.97, 0.741215, 0.206342, 0.0299036, 6.84882e-07, 0.00916049, 0.0133785, 1.27542e-152, 7.41283e-198, 2.43562e-80, 2.94164e-10, 4.7024e-72
2704.42, 0.740804, 0.205072, 0.0307847, 8.09041e-07, 0.00996025, 0.0133785, 1.24081e-151, 1.36443e-195, 1.16781e-79, 2.62185e-10, 2.36604e-67
2724.96, 0.740408, 0.203804, 0.031633, 9.46604e-07, 0.0107756, 0.0133785, 1.05531e-150, 1.85319e-193, 5.12033e-79, 2.35236e-10, 6.4449e-63
2744.67, 0.740026, 0.202539, 0.0324505, 1.09813e-06, 0.0116054, 0.0133785, 7.96428e-150, 1.91951e-191, 2.07263e-78, 2.12309e-10, 1.01357e-58
2763.64, 0.739657, 0.201275, 0.0332393, 1.26415e-06, 0.0124487, 0.0133785, 2.27831e-138, 2.98922e-177, 1.86864e-70, 5.23649e-10, 5.22231e-58
2781.91, 0.739301, 0.200013, 0.0340011, 1.44521e-06, 0.0133047, 0.0133785, 1.31716e-137, 1.65989e-175, 5.74206e-70, 4.77424e-10, 2.20345e-54
2799.56, 0.738957, 0.198752, 0.0347377, 1.64184e-06, 0.0141726, 0.0133785, 7.00125e-137, 7.61558e-174, 1.6745e-69, 4.37182e-10, 6.3059e-51
2816.63, 0.738623, 0.19749, 0.0354525, 1.85518e-06, 0.0150541, 0.0133785, 2.77815e-116, 3.31011e-149, 1.19211e-55, 2.96984e-09, 1.40446e-53
2833.21, 0.738301, 0.19624, 0.036142, 2.08327e-06, 0.0159357, 0.0133785, 1.48933e-97, 1.25249e-126, 1.15567e-43, 2.02524e-08, 3.25117e-55
2849.22, 0.737989, 0.194979, 0.0368103, 2.33055e-06, 0.0168412, 0.0133785, 6.86864e-135, 2.79683e-169, 3.17259e-68, 3.43133e-10, 2.06873e-41
2864.79, 0.737686, 0.193725, 0.0374585, 2.59442e-06, 0.017749, 0.0133785, 2.78291e-134, 6.87211e-168, 7.81724e-68, 3.1882e-10, 1.62995e-38
2879.94, 0.737392, 0.192473, 0.0380878, 2.87653e-06, 0.0186659, 0.0133785, 1.07373e-133, 1.51626e-166, 1.86235e-67, 2.96889e-10, 1.04013e-35
2894.69, 0.737107, 0.191222, 0.0386989, 3.17734e-06, 0.0195913, 0.0133785, 3.94431e-133, 2.98768e-165, 4.30026e-67, 2.77193e-10, 5.25085e-33
2909.08, 0.736829, 0.189972, 0.0392926, 3.49733e-06, 0.0205245, 0.0133785, 1.3846e-132, 5.30157e-164, 9.64476e-67, 2.59431e-10, 2.13301e-30
2923.11, 0.736559, 0.188724, 0.0398696, 3.83701e-06, 0.0214651, 0.0133785, 4.66013e-132, 8.53602e-163, 2.10534e-66, 2.43354e-10, 7.07937e-28
2936.82, 0.736297, 0.187477, 0.0404308, 4.19691e-06, 0.0224127, 0.0133785, 1.50833e-131, 1.25555e-161, 4.48108e-66, 2.28752e-10, 1.9462e-25
2950.22, 0.736042, 0.186232, 0.0409766, 4.57755e-06, 0.023367, 0.0133785, 4.7076e-131, 1.6975e-160, 9.31524e-66, 2.15447e-10, 4.48701e-23
2963.34, 0.735793, 0.184988, 0.0415079, 4.97946e-06, 0.0243276, 0.0133785, 1.42028e-130, 2.12127e-159, 1.89414e-65, 2.03287e-10, 8.77384e-21
2976.18, 0.735552, 0.183745, 0.0420251, 5.40319e-06, 0.0252942, 0.0133785, 3.18345e-120, 2.96889e-147, 1.56792e-58, 5.22296e-10, 3.71611e-23
2988.75, 0.735315, 0.182498, 0.042531, 5.8514e-06, 0.0262713, 0.0133785, 8.71752e-140, 1.15274e-168, 1.002e-71, 1.25005e-10, 1.01482e-11
3001.08, 0.735085, 0.181258, 0.043022, 6.3209e-06, 0.02725, 0.0133785, 1.15292e-135, 5.9119e-164, 9.24869e-68, 5.45606e-07, 2.99083e-14
3013.2, 0.734861, 0.180019, 0.0435005, 6.81394e-06, 0.028234, 0.0133785, 1.51691e-136, 2.91701e-164, 8.55524e-69, 2.30466e-08, 8.30688e-13
3025.09, 0.734643, 0.178781, 0.0439672, 7.33133e-06, 0.0292235, 0.0133785, 1.40616e-142, 7.30067e-171, 1.03925e-71, 2.62305e-08, 8.52711e-13
3036.78, 0.73443, 0.177544, 0.044422, 7.87329e-06, 0.0302175, 0.0133785, 3.54046e-139, 6.80713e-167, 1.86991e-68, 4.60716e-08, 5.64913e-13
3048.27, 0.734222, 0.176308, 0.0448659, 8.44095e-06, 0.0312169, 0.0133785, 5.46368e-141, 3.7685e-168, 2.07631e-70, 3.52073e-08, 8.57008e-13
3059.57, 0.73402, 0.175074, 0.0452987, 9.0344e-06, 0.0322204, 0.0133785, 2.57102e-137, 6.16739e-164, 6.88896e-67, 4.3662e-08, 7.98255e-13
3070.7, 0.733822, 0.173841, 0.045721, 9.65449e-06, 0.0332283, 0.0133785, 4.42189e-136, 3.58539e-162, 8.34115e-66, 4.68469e-08, 8.56483e-13
3081.66, 0.733629, 0.172609, 0.0461332, 1.03019e-05, 0.0342405, 0.0133785, 8.954e-145, 2.2844e-171, 2.22519e-71, 5.01832e-08, 9.17485e-13
3092.46, 0.73344, 0.171378, 0.0465354, 1.09772e-05, 0.0352567, 0.0133785, 8.33503e-134, 7.12219e-159, 7.94314e-64, 5.36749e-08, 9.81318e-13
3103.12, 0.733257, 0.170155, 0.0469262, 1.16776e-05, 0.0362717, 0.0133785, 1.05403e-146, 3.0863e-173, 2.49289e-70, 5.73082e-08, 1.04774e-12
3113.62, 0.733077, 0.168927, 0.0473094, 1.24104e-05, 0.0372951, 0.0133785, 7.73824e-148, 7.61027e-174, 1.31682e-71, 6.11204e-08, 1.11744e-12
3123.99, 0.732902, 0.167701, 0.0476834, 1.31729e-05, 0.0383219, 0.0133785, 5.05272e-145, 1.62158e-170, 6.2306e-69, 6.50991e-08, 1.19018e-12
3134.22, 0.732731, 0.166476, 0.0480485, 1.39661e-05, 0.0393521, 0.0133785, 6.17533e-143, 6.32013e-168, 5.54319e-67, 6.92489e-08, 1.26605e-12
3144.33, 0.732563, 0.165253, 0.048405, 1.47905e-05, 0.0403856, 0.0133785, 1.88445e-143, 6.01659e-168, 1.23666e-67, 7.35743e-08, 1.34513e-12
3154.31, 0.7324, 0.16403, 0.0487531, 1.56471e-05, 0.0414222, 0.0133785, 2.42848e-142, 2.36841e-166, 1.16986e-66, 7.80796e-08, 1.4275e-12
3164.18, 0.732241, 0.162809, 0.049093, 1.65365e-05, 0.042462, 0.0133785, 6.36676e-140, 1.85894e-163, 2.26005e-64, 8.27694e-08, 1.51324e-12
3173.94, 0.732085, 0.16159, 0.0494249, 1.74596e-05, 0.0435048, 0.0133785, 2.34709e-139, 2.01253e-162, 6.16173e-64, 8.76481e-08, 1.60244e-12
3183.59, 0.731932, 0.160371, 0.049749, 1.84171e-05, 0.0445505, 0.0133785, 5.61254e-139, 1.38751e-161, 1.09343e-63, 9.27204e-08, 1.69517e-12
3193.15, 0.731784, 0.159154, 0.0500655, 1.94099e-05, 0.045599, 0.0133785, 1.30642e-137, 9.14877e-160, 1.89484e-62, 9.79911e-08, 1.79153e-12
3202.6, 0.731638, 0.157938, 0.0503744, 2.04389e-05, 0.0466502, 0.0133785, 4.50273e-136, 8.78228e-158, 4.87692e-61, 1.03465e-07, 1.89161e-12
3211.96, 0.731496, 0.156723, 0.0506761, 2.15048e-05, 0.047704, 0.0133785, 3.3155e-129, 1.01786e-149, 1.45089e-57, 1.09147e-07, 1.99549e-12
3221.24, 0.731358, 0.15551, 0.0509705, 2.26086e-05, 0.0487603, 0.0133785, 1.71456e-128, 1.36931e-148, 5.63989e-57, 1.15042e-07, 2.10328e-12
3230.42, 0.731222, 0.154298, 0.051258, 2.37512e-05, 0.0498192, 0.0133785, 1.63398e-127, 3.3462e-147, 4.0508e-56, 1.21156e-07, 2.21505e-12
3239.52, 0.73109, 0.153081, 0.0515399, 2.49397e-05, 0.0508861, 0.0133785, 5.7682e-139, 1.00739e-159, 3.69336e-61, 1.27527e-07, 2.33152e-12
3248.54, 0.730961, 0.151871, 0.0518137, 2.61629e-05, 0.0519496, 0.0133785, 3.19094e-138, 1.48626e-158, 1.54751e-60, 1.34094e-07, 2.4516e-12
3257.49, 0.730835, 0.150663, 0.0520809, 2.74281e-05, 0.0530157, 0.0133785, 1.94183e-137, 2.38955e-157, 7.13105e-60, 1.40899e-07, 2.576e-12
3266.37, 0.730712, 0.149455, 0.0523416, 2.87362e-05, 0.054084, 0.0133785, 1.41483e-136, 4.53891e-156, 3.94218e-59, 1.47944e-07, 2.70481e-12
3275.18, 0.730591, 0.148249, 0.052596, 3.00881e-05, 0.0551545, 0.0133785, 1.37084e-135, 1.13197e-154, 2.90336e-58, 1.55236e-07, 2.83813e-12
3283.93, 0.730474, 0.147045, 0.052844, 3.14848e-05, 0.056227, 0.0133785, 8.90599e-135, 1.86985e-153, 1.4362e-57, 1.62781e-07, 2.97606e-12
3292.61, 0.73036, 0.145841, 0.0530858, 3.29276e-05, 0.0573015, 0.0133785, 5.27106e-134, 2.78081e-152, 6.48246e-57, 1.70584e-07, 3.11873e-12
3301.23, 0.730248, 0.144639, 0.0533216, 3.44174e-05, 0.0583779, 0.0133785, 3.2006e-133, 4.19482e-151, 3.00624e-56, 1.78653e-07, 3.26624e-12
3309.8, 0.730139, 0.143438, 0.0535514, 3.59556e-05, 0.0594563, 0.0133785, 2.12642e-132, 6.84833e-150, 1.52753e-55, 1.86993e-07, 3.41871e-12
3318.31, 0.730033, 0.142239, 0.0537752, 3.75433e-05, 0.0605364, 0.0133785, 1.32222e-131, 1.0354e-148, 7.27368e-55, 1.95611e-07, 3.57627e-12
3326.76, 0.72993, 0.141041, 0.0539932, 3.91817e-05, 0.0616183, 0.0133785, 7.5034e-131, 1.41421e-147, 3.16469e-54, 2.04514e-07, 3.73904e-12
3335.17, 0.729829, 0.139844, 0.0542055, 4.08722e-05, 0.062702, 0.0133785, 4.24868e-130, 1.90853e-146, 1.3754e-53, 2.13708e-07, 3.90715e-12
3343.53, 0.729731, 0.138648, 0.0544122, 4.26161e-05, 0.0637873, 0.0133785, 2.44648e-129, 2.59459e-145, 6.08502e-53, 2.23203e-07, 4.08073e-12
3351.84, 0.729635, 0.137454, 0.0546132, 4.44147e-05, 0.0648742, 0.0133785, 1.43107e-128, 3.55064e-144, 2.73734e-52, 2.33003e-07, 4.25991e-12
3360.1, 0.729542, 0.136262, 0.0548087, 4.62694e-05, 0.0659627, 0.0133785, 7.7859e-128, 4.47975e-143, 1.1463e-51, 2.43118e-07, 4.44484e-12
3368.33, 0.729451, 0.13507, 0.0549987, 4.81817e-05, 0.0670528, 0.0133785, 4.20009e-127, 5.55665e-142, 4.76323e-51, 2.53555e-07, 4.63565e-12
3376.52, 0.729363, 0.13388, 0.0551834, 5.0153e-05, 0.0681443, 0.0133785, 2.2562e-126, 6.80748e-141, 1.97234e-50, 2.64322e-07, 4.8325e-12
3384.66, 0.729277, 0.132692, 0.0553627, 5.2185e-05, 0.0692373, 0.0133785, 1.21506e-125, 8.29514e-140, 8.19279e-50, 2.75427e-07, 5.03553e-12
3392.77, 0.729194, 0.131505, 0.0555367, 5.42792e-05, 0.0703316, 0.0133785, 6.43199e-125, 9.86004e-139, 3.34699e-49, 2.86879e-07, 5.2449e-12
3400.85, 0.729113, 0.130319, 0.0557056, 5.64373e-05, 0.0714273, 0.0133785, 3.33891e-124, 1.1409e-137, 1.34153e-48, 2.98687e-07, 5.46078e-12
3408.9, 0.729034, 0.129134, 0.0558692, 5.86609e-05, 0.0725244, 0.0133785, 1.72012e-123, 1.30084e-136, 5.31942e-48, 3.10859e-07, 5.68332e-12
3416.91, 0.728958, 0.127952, 0.0560278, 6.09518e-05, 0.0736227, 0.0133785, 8.80937e-123, 1.46439e-135, 2.06335e-47, 3.23405e-07, 5.91269e-12
3424.89, 0.728884, 0.12677, 0.0561812, 6.33118e-05, 0.0747223, 0.0133785, 4.49362e-122, 1.6311e-134, 7.97526e-47, 3.36335e-07, 6.14908e-12
3432.85, 0.728812, 0.12559, 0.0563297, 6.57428e-05, 0.0758231, 0.0133785, 2.26291e-121, 1.78217e-133, 3.04444e-46, 3.49658e-07, 6.39265e-12
3440.78, 0.728743, 0.124412, 0.0564732, 6.82468e-05, 0.0769251, 0.0133785, 1.13005e-120, 1.91913e-132, 1.15284e-45, 3.63384e-07, 6.64361e-12
3448.69, 0.728676, 0.123235, 0.0566117, 7.08256e-05, 0.0780281, 0.0133785, 5.60732e-120, 2.04129e-131, 4.3388e-45, 3.77524e-07, 6.90213e-12
3456.58, 0.72861, 0.12206, 0.0567453, 7.34814e-05, 0.0791323, 0.0133785, 2.76649e-119, 2.14651e-130, 1.62395e-44, 3.92089e-07, 7.16842e-12
3464.44, 0.728548, 0.120886, 0.056874, 7.62163e-05, 0.0802376, 0.0133785, 1.34056e-118, 2.23334e-129, 6.04821e-44, 4.0709e-07, 7.44267e-12
3472.28, 0.728487, 0.119713, 0.056998, 7.90326e-05, 0.0813439, 0.0133785, 6.31809e-118, 2.29422e-128, 2.23607e-43, 4.22538e-07, 7.72511e-12
3480.11, 0.728428, 0.118542, 0.0571171, 8.19324e-05, 0.0824512, 0.0133785, 2.96108e-117, 2.33106e-127, 8.21896e-43, 4.38446e-07, 8.01594e-12
3487.92, 0.728372, 0.117373, 0.0572314, 8.49182e-05, 0.0835595, 0.0133785, 1.38091e-116, 2.34466e-126, 3.00528e-42, 4.54825e-07, 8.31539e-12
3495.71, 0.728318, 0.116206, 0.057341, 8.79925e-05, 0.0846687, 0.0133785, 6.19987e-111, 4.65276e-120, 6.13375e-40, 4.71688e-07, 8.62369e-12
3503.5, 0.728266, 0.11504, 0.0574459, 9.11577e-05, 0.0857788, 0.0133785, 2.63476e-110, 4.1159e-119, 2.04899e-39, 4.89048e-07, 8.94108e-12
3511.26, 0.728216, 0.113875, 0.057546, 9.44166e-05, 0.0868898, 0.0133785, 1.11509e-109, 3.6099e-118, 6.81408e-39, 5.06919e-07, 9.2678e-12
3519.02, 0.728168, 0.112713, 0.0576415, 9.77717e-05, 0.0880016, 0.0133785, 4.70162e-109, 3.14076e-117, 2.25667e-38, 5.25314e-07, 9.60412e-12
3526.77, 0.728122, 0.111551, 0.0577324, 0.000101226, 0.0891143, 0.0133785, 1.97588e-108, 2.71246e-116, 7.44566e-38, 5.44249e-07, 9.95029e-12
3534.51, 0.728078, 0.110392, 0.0578186, 0.000104782, 0.0902277, 0.0133785, 8.27881e-108, 2.32633e-115, 2.44802e-37, 5.63737e-07, 1.03066e-11
3542.25, 0.728036, 0.109234, 0.0579002, 0.000108444, 0.0913419, 0.0133785, 3.45936e-107, 1.98221e-114, 8.02235e-37, 5.83795e-07, 1.06733e-11
3549.97, 0.727996, 0.108078, 0.0579772, 0.000112214, 0.0924568, 0.0133785, 1.44189e-106, 1.67864e-113, 2.62083e-36, 6.04437e-07, 1.10507e-11
3557.7, 0.727959, 0.106924, 0.0580496, 0.000116095, 0.0935724, 0.0133785, 5.99591e-106, 1.41331e-112, 8.53674e-36, 6.25682e-07, 1.14391e-11
3565.42, 0.727923, 0.105772, 0.0581174, 0.000120091, 0.0946886, 0.0133785, 2.48842e-105, 1.18362e-111, 2.77325e-35, 6.47545e-07, 1.18388e-11
3573.14, 0.727889, 0.104621, 0.0581806, 0.000124206, 0.0958055, 0.0133785, 1.03098e-104, 9.86424e-111, 8.98719e-35, 6.70045e-07, 1.22502e-11
3580.87, 0.727858, 0.103478, 0.0582392, 0.000128422, 0.0969172, 0.0133785, 8.24384e-95, 4.01742e-100, 2.02226e-31, 6.93084e-07, 1.26714e-11
3588.59, 0.727828, 0.102331, 0.0582934, 0.000132786, 0.0980359, 0.0133785, 2.91838e-94, 2.56847e-99, 5.62424e-31, 7.16923e-07, 1.31072e-11
3596.32, 0.7278, 0.101185, 0.0583431, 0.00013728, 0.0991549, 0.0133785, 1.02974e-93, 1.62842e-98, 1.56064e-30, 7.41449e-07, 1.35556e-11
3604.05, 0.727775, 0.100042, 0.0583882, 0.000141907, 0.100274, 0.0133785, 3.63244e-93, 1.02989e-97, 4.32577e-30, 7.66688e-07, 1.40171e-11
3611.78, 0.727751, 0.0989003, 0.0584288, 0.000146672, 0.101394, 0.0133785, 1.28126e-92, 6.49938e-97, 1.19789e-29, 7.92662e-07, 1.44919e-11
3619.52, 0.727729, 0.0977608, 0.0584648, 0.00015158, 0.102515, 0.0133785, 4.51981e-92, 4.09379e-96, 3.31455e-29, 8.19392e-07, 1.49806e-11
3627.26, 0.727709, 0.0966232, 0.0584963, 0.000156636, 0.103635, 0.0133785, 1.59485e-91, 2.57438e-95, 9.16509e-29, 8.46902e-07, 1.54836e-11
3635.02, 0.727691, 0.0954878, 0.0585233, 0.000161843, 0.104756, 0.0133785, 5.54799e-91, 1.61673e-94, 2.53284e-28, 8.75214e-07, 1.60012e-11
3642.79, 0.727676, 0.0943543, 0.0585457, 0.000167208, 0.105878, 0.0133785, 1.90901e-90, 1.01423e-93, 6.99666e-28, 9.04355e-07, 1.6534e-11
3650.57, 0.727662, 0.093223, 0.0585636, 0.000172735, 0.107, 0.0133785, 6.57462e-90, 6.35768e-93, 1.93216e-27, 9.34348e-07, 1.70823e-11
3658.36, 0.72765, 0.0920938, 0.0585769, 0.00017843, 0.108122, 0.0133785, 2.26672e-89, 3.98335e-92, 5.33485e-27, 9.6522e-07, 1.76468e-11
3666.16, 0.72764, 0.0909668, 0.0585857, 0.000184298, 0.109244, 0.0133785, 7.8248e-89, 2.49525e-91, 1.47296e-26, 9.97e-07, 1.82278e-11
3673.99, 0.727632, 0.089842, 0.05859, 0.000190346, 0.110367, 0.0133785, 2.70508e-88, 1.56326e-90, 4.06737e-26, 1.02971e-06, 1.88259e-11
3681.83, 0.727625, 0.0887195, 0.0585896, 0.000196579, 0.111489, 0.0133785, 9.36712e-88, 9.48222e-90, 1.12347e-25, 1.06339e-06, 1.94416e-11
3689.69, 0.727621, 0.0875992, 0.0585848, 0.000203003, 0.112612, 0.0133785, 3.2497e-87, 5.66236e-89, 3.10459e-25, 1.09807e-06, 2.00756e-11
3697.57, 0.727619, 0.0864813, 0.0585753, 0.000209627, 0.113735, 0.0133785, 1.12976e-86, 3.3853e-88, 8.58452e-25, 1.13377e-06, 2.07283e-11
3705.47, 0.727619, 0.0853657, 0.0585612, 0.000216456, 0.114858, 0.0133785, 3.93671e-86, 2.02697e-87, 2.3756e-24, 1.17054e-06, 2.14004e-11
3713.39, 0.72762, 0.0842526, 0.0585425, 0.000223497, 0.115981, 0.0133785, 1.37524e-85, 1.21587e-86, 6.5804e-24, 1.20839e-06, 2.20926e-11
3721.33, 0.727624, 0.0831366, 0.0585188, 0.000230793, 0.11711, 0.0133785, 6.37258e-73, 1.12318e-73, 6.6142e-21, 1.24756e-06, 2.28087e-11
3729.31, 0.72763, 0.0820293, 0.0584909, 0.00023828, 0.118232, 0.0133785, 1.77889e-72, 5.0016e-73, 1.48342e-20, 1.2877e-06, 2.35426e-11
3737.31, 0.727637, 0.0809241, 0.0584582, 0.000246005, 0.119355, 0.0133785, 4.99463e-72, 2.24388e-72, 3.33704e-20, 1.32906e-06, 2.42987e-11
3745.35, 0.727647, 0.0798216, 0.0584209, 0.000253976, 0.120477, 0.0133785, 1.4071e-71, 1.00974e-71, 7.52104e-20, 1.37167e-06, 2.50778e-11
3753.41, 0.727658, 0.0787216, 0.0583789, 0.000262202, 0.121599, 0.0133785, 3.97827e-71, 4.55903e-71, 1.69851e-19, 1.41558e-06, 2.58805e-11
3761.51, 0.727671, 0.0776244, 0.0583322, 0.000270692, 0.122722, 0.0133785, 1.12898e-70, 2.06586e-70, 3.84399e-19, 1.46082e-06, 2.67076e-11
3769.64, 0.727686, 0.0765299, 0.0582807, 0.000279456, 0.123844, 0.0133785, 3.21645e-70, 9.39731e-70, 8.71902e-19, 1.50745e-06, 2.75601e-11
3777.8, 0.727704, 0.0754382, 0.0582244, 0.000288505, 0.124965, 0.0133785, 5.44143e-66, 2.20123e-65, 7.95077e-18, 1.55551e-06, 2.84387e-11
3786, 0.727723, 0.0743494, 0.0581634, 0.000297849, 0.126087, 0.0133785, 1.44962e-65, 9.14942e-65, 1.69008e-17, 1.60505e-06, 2.93445e-11
3794.25, 0.727744, 0.0732635, 0.0580975, 0.0003075, 0.127208, 0.0133785, 3.87881e-65, 3.82038e-64, 3.60206e-17, 1.65613e-06, 3.02784e-11
3802.53, 0.727767, 0.0721806, 0.0580268, 0.000317471, 0.128328, 0.0133785, 1.04259e-64, 1.60292e-63, 7.69812e-17, 1.7088e-06, 3.12414e-11
3810.85, 0.727792, 0.0711007, 0.0579512, 0.000327773, 0.129448, 0.0133785, 2.81564e-64, 6.75946e-63, 1.6499e-16, 1.76313e-06, 3.22346e-11
3819.22, 0.727819, 0.070024, 0.0578707, 0.00033842, 0.130568, 0.0133785, 7.64121e-64, 2.86565e-62, 3.54667e-16, 1.81916e-06, 3.3259e-11
3827.64, 0.727847, 0.0689505, 0.0577852, 0.000349426, 0.131687, 0.0133784, 2.08426e-63, 1.22169e-61, 7.64765e-16, 1.87697e-06, 3.43159e-11
3836.1, 0.727878, 0.0678803, 0.0576947, 0.000360805, 0.132806, 0.0133784, 5.71521e-63, 5.21832e-61, 1.63966e-15, 1.93662e-06, 3.54064e-11
3844.62, 0.727911, 0.0668181, 0.0576, 0.000372526, 0.133918, 0.0133784, 1.93309e-55, 1.4374e-53, 2.13499e-14, 1.99794e-06, 3.65275e-11
3853.19, 0.727945, 0.0657539, 0.0574995, 0.000384706, 0.135036, 0.0133784, 4.60244e-55, 4.88244e-53, 3.94704e-14, 2.06151e-06, 3.76899e-11
3861.81, 0.727982, 0.0646934, 0.0573938, 0.000397306, 0.136153, 0.0133784, 1.09963e-54, 1.66323e-52, 7.31191e-14, 2.12714e-06, 3.88897e-11
3870.48, 0.728021, 0.0636366, 0.057283, 0.000410345, 0.137269, 0.0133784, 2.64243e-54, 5.70238e-52, 1.3584e-13, 2.19491e-06, 4.01286e-11
3879.22, 0.728061, 0.0625835, 0.0571671, 0.000423843, 0.138384, 0.0133784, 6.3877e-54, 1.96817e-51, 2.53098e-13, 2.26489e-06, 4.14082e-11
3888.01, 0.728104, 0.0615343, 0.057046, 0.000437819, 0.139497, 0.0133784, 1.55366e-53, 6.84046e-51, 4.72973e-13, 2.33719e-06, 4.273e-11
3896.87, 0.728148, 0.060489, 0.0569196, 0.000452294, 0.14061, 0.0133784, 3.80295e-53, 2.39462e-50, 8.86513e-13, 2.41189e-06, 4.40957e-11
3905.79, 0.728195, 0.0594477, 0.056788, 0.000467289, 0.141721, 0.0133784, 9.3697e-53, 8.44555e-50, 1.66666e-12, 2.48909e-06, 4.55071e-11
3914.77, 0.728243, 0.0584106, 0.056651, 0.000482829, 0.142832, 0.0133784, 2.32409e-52, 3.00175e-49, 3.1429e-12, 2.56889e-06, 4.69661e-11
3923.83, 0.728293, 0.0573776, 0.0565086, 0.000498936, 0.14394, 0.0133784, 5.80481e-52, 1.07544e-48, 5.94479e-12, 2.6514e-06, 4.84747e-11
3933.12, 0.728341, 0.0563524, 0.0563694, 0.000515757, 0.14504, 0.0133784, 9.61412e-39, 2.91003e-36, 2.44975e-11, 2.73756e-06, 5.00506e-11
3942.2, 0.7284, 0.0553206, 0.056207, 0.000533035, 0.146158, 0.0133784, 3.74002e-51, 1.43795e-47, 2.15789e-11, 2.82536e-06, 5.16556e-11
3951.46, 0.728456, 0.0543042, 0.0560488, 0.000550953, 0.147259, 0.0133784, 9.33418e-51, 5.20029e-47, 3.9256e-11, 2.91639e-06, 5.33207e-11
3960.81, 0.728514, 0.0532901, 0.0558846, 0.000569591, 0.148361, 0.0133784, 2.34178e-50, 1.92908e-46, 5.65084e-11, 3.01083e-06, 5.50478e-11
3970.25, 0.728574, 0.0522802, 0.0557148, 0.000588952, 0.149461, 0.0133784, 5.92054e-50, 7.22199e-46, 6.07811e-11, 3.10867e-06, 5.68367e-11
3979.78, 0.728635, 0.0512751, 0.0555392, 0.000609061, 0.15056, 0.0133784, 1.50878e-49, 2.72977e-45, 6.53949e-11, 3.20999e-06, 5.86893e-11
3989.39, 0.728699, 0.0502751, 0.055358, 0.000629952, 0.151656, 0.0133784, 3.8765e-49, 1.04209e-44, 7.03787e-11, 3.31494e-06, 6.06083e-11
3999.1, 0.728764, 0.0492802, 0.0551711, 0.000651661, 0.152751, 0.0133784, 1.0044e-48, 4.01915e-44, 7.57644e-11, 3.42369e-06, 6.25965e-11
4008.9, 0.728832, 0.0482908, 0.0549783, 0.00067423, 0.153843, 0.0133784, 2.62506e-48, 1.5666e-43, 8.15873e-11, 3.53638e-06, 6.46571e-11
4018.8, 0.728901, 0.0473069, 0.0547797, 0.000697698, 0.154933, 0.0133784, 6.92224e-48, 6.17335e-43, 8.7886e-11, 3.65321e-06, 6.67933e-11
4028.79, 0.728972, 0.0463287, 0.0545752, 0.000722112, 0.15602, 0.0133784, 1.22838e-44, 7.06593e-40, 9.47026e-11, 3.77436e-06, 6.90085e-11
4038.89, 0.729045, 0.0453564, 0.0543648, 0.000747518, 0.157104, 0.0133784, 3.03763e-44, 2.427e-39, 1.02084e-10, 3.90003e-06, 7.13063e-11
4049.1, 0.729119, 0.0443901, 0.0541485, 0.000773966, 0.158186, 0.0133784, 7.58132e-44, 8.42791e-39, 1.1008e-10, 4.03042e-06, 7.36904e-11
4059.41, 0.729195, 0.0434329, 0.0539266, 0.000801419, 0.159261, 0.0133784, 6.29419e-49, 5.54352e-43, 1.18719e-10, 4.16531e-06, 7.61568e-11
4069.83, 0.729273, 0.0424797, 0.0536983, 0.000830095, 0.160336, 0.0133784, 1.90103e-48, 2.46317e-42, 1.28114e-10, 4.30573e-06, 7.87244e-11
4080.37, 0.729352, 0.0415329, 0.0534639, 0.000859983, 0.161408, 0.0133784, 5.80325e-48, 1.10842e-41, 1.38309e-10, 4.45158e-06, 8.13912e-11
4091.03, 0.729433, 0.040593, 0.0532233, 0.000891143, 0.162476, 0.0133784, 1.79187e-47, 5.05657e-41, 1.49378e-10, 4.60309e-06, 8.41617e-11
4101.82, 0.729516, 0.0396601, 0.0529765, 0.00092364, 0.163541, 0.0133784, 5.5977e-47, 2.33936e-40, 1.61404e-10, 4.76054e-06, 8.70407e-11
4112.73, 0.7296, 0.0387344, 0.0527235, 0.000957544, 0.164601, 0.0133784, 1.76966e-46, 1.09791e-39, 1.74476e-10, 4.92421e-06, 9.00334e-11
4123.77, 0.729686, 0.0378163, 0.0524643, 0.00099293, 0.165657, 0.0133784, 5.66315e-46, 5.2289e-39, 1.88695e-10, 5.09439e-06, 9.31452e-11
4134.94, 0.729773, 0.0369058, 0.0521989, 0.00102987, 0.166709, 0.0133784, 1.83496e-45, 2.52792e-38, 2.04169e-10, 5.27139e-06, 9.63819e-11
4146.25, 0.729861, 0.0360033, 0.0519272, 0.00106846, 0.167756, 0.0133784, 6.02152e-45, 1.24099e-37, 2.2102e-10, 5.45556e-06, 9.97494e-11
4157.7, 0.72995, 0.0351091, 0.0516492, 0.00110878, 0.168799, 0.0133784, 2.00174e-44, 6.18816e-37, 2.39382e-10, 5.64722e-06, 1.03254e-10
4169.29, 0.73004, 0.0342233, 0.051365, 0.00115092, 0.169836, 0.0133784, 6.74281e-44, 3.13531e-36, 2.59402e-10, 5.84676e-06, 1.06903e-10
4181.03, 0.730132, 0.0333463, 0.0510744, 0.00119498, 0.170868, 0.0133784, 2.30208e-43, 1.6146e-35, 2.81244e-10, 6.05454e-06, 1.10702e-10
4192.93, 0.730224, 0.0324783, 0.0507776, 0.00124107, 0.171894, 0.0133784, 7.9682e-43, 8.45372e-35, 3.05087e-10, 6.27098e-06, 1.1466e-10
4204.97, 0.730317, 0.0316196, 0.0504745, 0.00128929, 0.172914, 0.0133784, 2.79687e-42, 4.50158e-34, 3.31131e-10, 6.49649e-06, 1.18784e-10
4217.18, 0.730411, 0.0307706, 0.0501651, 0.00133977, 0.173928, 0.0133784, 9.95784e-42, 2.43861e-33, 3.59597e-10, 6.73152e-06, 1.23082e-10
4229.54, 0.730506, 0.0299314, 0.0498496, 0.00139261, 0.174935, 0.0133784, 3.59702e-41, 1.29276e-32, 3.90727e-10, 6.97654e-06, 1.27563e-10
4242.07, 0.7306, 0.0291025, 0.0495279, 0.00144795, 0.175936, 0.0133784, 1.31857e-40, 6.82516e-32, 4.24791e-10, 7.23202e-06, 1.32235e-10
4254.77, 0.730695, 0.0282842, 0.0492002, 0.00150593, 0.176929, 0.0133784, 4.90597e-40, 3.66639e-31, 4.62087e-10, 7.49847e-06, 1.37107e-10
4267.63, 0.73079, 0.0274785, 0.0488671, 0.00156654, 0.177912, 0.0133784, 1.62059e-43, 2.68174e-33, 5.0284e-10, 7.77573e-06, 1.42178e-10
4280.66, 0.730885, 0.0266825, 0.0485275, 0.00163019, 0.178889, 0.0133784, 7.56118e-43, 1.92551e-32, 5.47597e-10, 8.06559e-06, 1.47479e-10
4293.87, 0.730979, 0.0258978, 0.0481821, 0.00169692, 0.179857, 0.0133784, 3.03349e-40, 2.83989e-30, 5.96684e-10, 8.36811e-06, 1.53011e-10
4307.26, 0.731073, 0.025125, 0.0478309, 0.00176691, 0.180817, 0.0133784, 1.32627e-39, 1.86584e-29, 6.50541e-10, 8.68385e-06, 1.58786e-10
4320.83, 0.731166, 0.0243643, 0.0474741, 0.0018403, 0.181768, 0.0133784, 5.89218e-39, 1.24895e-28, 7.09659e-10, 9.01341e-06, 1.64813e-10
4334.58, 0.731258, 0.0236162, 0.047112, 0.00191729, 0.182709, 0.0133784, 2.61107e-38, 8.51643e-28, 7.74576e-10, 9.35741e-06, 1.71105e-10
4348.51, 0.731348, 0.0228809, 0.0467446, 0.00199805, 0.18364, 0.0133784, 1.15582e-37, 5.91463e-27, 8.45888e-10, 9.71651e-06, 1.77672e-10
4362.61, 0.731437, 0.0221589, 0.0463721, 0.00208277, 0.184561, 0.0133784, 5.19507e-37, 4.18263e-26, 9.24251e-10, 1.00914e-05, 1.84528e-10
4376.9, 0.731524, 0.0214504, 0.0459949, 0.00217164, 0.18547, 0.0133784, 2.37046e-36, 3.01086e-25, 1.01039e-09, 1.04827e-05, 1.91685e-10
4391.37, 0.731609, 0.0207557, 0.0456131, 0.00226488, 0.186368, 0.0133784, 4.68199e-34, 1.82643e-23, 1.10509e-09, 1.08911e-05, 1.99156e-10
4406.02, 0.731691, 0.0200753, 0.0452269, 0.00236269, 0.187254, 0.0133784, 1.9816e-33, 1.18811e-22, 1.20923e-09, 1.13173e-05, 2.06952e-10
4420.84, 0.731771, 0.0194093, 0.0448368, 0.00246527, 0.188128, 0.0133784, 8.50081e-33, 7.8506e-22, 1.32375e-09, 1.17621e-05, 2.15088e-10
4435.84, 0.731847, 0.0187581, 0.0444429, 0.00257285, 0.188989, 0.0133784, 3.69475e-32, 5.14981e-21, 1.44971e-09, 1.22261e-05, 2.23575e-10
4451, 0.731919, 0.018122, 0.0440456, 0.00268563, 0.189837, 0.0133784, 1.62623e-31, 3.26591e-20, 1.58823e-09, 1.27101e-05, 2.32428e-10
4466.34, 0.731987, 0.0175012, 0.0436453, 0.00280385, 0.190671, 0.0133784, 7.24446e-31, 2.09833e-19, 1.74056e-09, 1.32146e-05, 2.41658e-10
4481.83, 0.732051, 0.016896, 0.0432424, 0.00292771, 0.19149, 0.0133784, 3.26421e-30, 1.36466e-18, 1.90804e-09, 1.37405e-05, 2.51278e-10
4497.48, 0.732111, 0.0163065, 0.0428372, 0.00305744, 0.192296, 0.0133784, 1.48652e-29, 8.97487e-18, 2.09212e-09, 1.42884e-05, 2.613e-10
4513.27, 0.732164, 0.015733, 0.0424302, 0.00319325, 0.193086, 0.0133784, 6.83634e-29, 5.96223e-17, 2.29438e-09, 1.48588e-05, 2.71737e-10
4529.21, 0.732213, 0.0151756, 0.0420218, 0.00333534, 0.193861, 0.0133784, 3.17198e-28, 3.99614e-16, 2.51651e-09, 1.54525e-05, 2.82598e-10
4545.27, 0.732255, 0.0146344, 0.0416124, 0.00348392, 0.19462, 0.0133784, 1.48337e-27, 2.69869e-15, 2.76034e-09, 1.60699e-05, 2.93895e-10
4561.46, 0.732291, 0.0141095, 0.0412026, 0.00363919, 0.195363, 0.0133784, 9.07323e-26, 3.24739e-14, 3.02782e-09, 1.67116e-05, 3.05636e-10
4577.76, 0.73232, 0.0136011, 0.0407927, 0.00380132, 0.19609, 0.0133784, 3.85603e-25, 1.92718e-13, 3.32102e-09, 1.73781e-05, 3.17832e-10
4594.16, 0.732341, 0.013109, 0.0403833, 0.0039705, 0.1968, 0.0133784, 1.64603e-24, 1.14727e-12, 3.64215e-09, 1.80698e-05, 3.30489e-10
4610.65, 0.732355, 0.0126332, 0.0399748, 0.00414687, 0.197493, 0.0133784, 7.0495e-24, 6.32287e-12, 3.99357e-09, 1.87871e-05, 3.43614e-10
4627.21, 0.732361, 0.0121738, 0.0395677, 0.00433059, 0.198169, 0.0133784, 3.02543e-23, 3.39247e-11, 4.37772e-09, 1.95301e-05, 3.57213e-10
4643.84, 0.732359, 0.0117306, 0.0391625, 0.00452177, 0.198828, 0.0133784, 1.29961e-22, 5.36408e-11, 4.79722e-09, 2.02993e-05, 3.7129e-10
4660.52, 0.732348, 0.0113034, 0.0387597, 0.00472053, 0.199469, 0.0133784, 5.58099e-22, 6.16599e-11, 5.25477e-09, 2.10946e-05, 3.85847e-10
4677.24, 0.732328, 0.0108921, 0.0383596, 0.00492695, 0.200093, 0.0133784, 2.39305e-21, 7.08324e-11, 5.75322e-09, 2.19162e-05, 4.00886e-10
4693.97, 0.732298, 0.0104964, 0.0379628, 0.0051411, 0.2007, 0.0133784, 1.0233e-20, 8.1308e-11, 6.29548e-09, 2.27641e-05, 4.16407e-10
4710.72, 0.732259, 0.0101162, 0.0375697, 0.00536302, 0.20129, 0.0133784, 4.3584e-20, 9.32525e-11, 6.88461e-09, 2.36382e-05, 4.32408e-10
4727.47, 0.732211, 0.00975099, 0.0371805, 0.00559275, 0.201862, 0.0133784, 1.8467e-19, 1.06848e-10, 7.52372e-09, 2.45383e-05, 4.48887e-10
4744.19, 0.732153, 0.00940061, 0.0367959, 0.00583029, 0.202417, 0.0133784, 7.53569e-19, 1.22295e-10, 8.21601e-09, 2.54642e-05, 4.65839e-10
4760.88, 0.732084, 0.00906465, 0.0364159, 0.00607561, 0.202955, 0.0133784, 3.02221e-18, 1.39811e-10, 8.96476e-09, 2.64156e-05, 4.83259e-10
4777.53, 0.732006, 0.00874276, 0.0360411, 0.00632869, 0.203476, 0.0133784, 1.20146e-17, 1.59635e-10, 9.77328e-09, 2.73921e-05, 5.01141e-10
4794.12, 0.731917, 0.00843452, 0.0356715, 0.00658946, 0.203981, 0.0133784, 4.72923e-17, 1.82024e-10, 1.06449e-08, 2.83933e-05, 5.19475e-10
4810.64, 0.731818, 0.00813954, 0.0353076, 0.00685784, 0.204469, 0.0133784, 1.84126e-16, 2.07258e-10, 1.15832e-08, 2.94186e-05, 5.38255e-10
4827.08, 0.731709, 0.00785738, 0.0349496, 0.00713375, 0.204942, 0.0133784, 7.08367e-16, 2.35637e-10, 1.25913e-08, 3.04676e-05, 5.57468e-10
4843.42, 0.731589, 0.0075876, 0.0345975, 0.00741707, 0.205399, 0.0133784, 2.69046e-15, 2.67484e-10, 1.36729e-08, 3.15396e-05, 5.77106e-10
4859.66, 0.731459, 0.00732975, 0.0342516, 0.00770769, 0.20584, 0.0133784, 2.00323e-14, 3.03144e-10, 1.48312e-08, 3.2634e-05, 5.97156e-10
4875.79, 0.73132, 0.00708339, 0.0339121, 0.00800545, 0.206267, 0.0133784, 6.7223e-14, 3.42985e-10, 1.60698e-08, 3.37502e-05, 6.17606e-10
4891.8, 0.73117, 0.00684805, 0.0335789, 0.00831022, 0.20668, 0.0133784, 2.22499e-13, 3.87399e-10, 1.7392e-08, 3.48874e-05, 6.38444e-10
4907.68, 0.73101, 0.00662329, 0.0332522, 0.00862184, 0.207078, 0.0133784, 7.25979e-13, 4.368e-10, 1.88011e-08, 3.60449e-05, 6.59657e-10
4923.42, 0.730841, 0.00640866, 0.032932, 0.00894014, 0.207463, 0.0133784, 2.33401e-12, 4.91627e-10, 2.03005e-08, 3.72221e-05, 6.81232e-10
4939.03, 0.730662, 0.00620372, 0.0326183, 0.00926495, 0.207834, 0.0133785, 7.3907e-12, 5.52344e-10, 2.18935e-08, 3.84181e-05, 7.03156e-10
4954.48, 0.730474, 0.00600803, 0.0323112, 0.0095961, 0.208193, 0.0133785, 2.30423e-11, 6.19436e-10, 2.35832e-08, 3.96323e-05, 7.25415e-10
4969.78, 0.730276, 0.00582116, 0.0320105, 0.00993339, 0.20854, 0.0133785, 6.81991e-11, 6.93414e-10, 2.53729e-08, 4.08638e-05, 7.47996e-10
4984.93, 0.730069, 0.00564272, 0.0317164, 0.0102767, 0.208874, 0.0133785, 1.41026e-10, 7.74812e-10, 2.72656e-08, 4.21121e-05, 7.70886e-10
4999.92, 0.729854, 0.00547229, 0.0314286, 0.0106257, 0.209197, 0.0133785, 1.53476e-10, 8.64189e-10, 2.92645e-08, 4.33763e-05, 7.94071e-10
5014.74, 0.72963, 0.00530948, 0.0311472, 0.0109804, 0.20951, 0.0133785, 1.66792e-10, 9.62127e-10, 3.13725e-08, 4.46558e-05, 8.1754e-10
5029.4, 0.729398, 0.00515394, 0.030872, 0.0113405, 0.209811, 0.0133785, 1.81012e-10, 1.06923e-09, 3.35926e-08, 4.59498e-05, 8.41279e-10
5043.9, 0.729158, 0.00500528, 0.030603, 0.0117058, 0.210103, 0.0133785, 1.96175e-10, 1.18613e-09, 3.59275e-08, 4.72578e-05, 8.65277e-10
5058.23, 0.728909, 0.00486318, 0.03034, 0.0120762, 0.210384, 0.0133785, 2.12319e-10, 1.31348e-09, 3.83802e-08, 4.8579e-05, 8.89521e-10
5072.39, 0.728653, 0.0047273, 0.0300829, 0.0124515, 0.210656, 0.0133785, 2.29481e-10, 1.45195e-09, 4.09533e-08, 4.99128e-05, 9.14001e-10
5086.38, 0.72839, 0.00459733, 0.0298317, 0.0128315, 0.21092, 0.0133785, 2.47701e-10, 1.60223e-09, 4.36495e-08, 5.12586e-05, 9.38705e-10
5100.21, 0.72812, 0.00447296, 0.0295861, 0.0132161, 0.211174, 0.0133785, 2.67018e-10, 1.76506e-09, 4.64715e-08, 5.26159e-05, 9.63622e-10
5113.87, 0.727842, 0.00435391, 0.0293461, 0.0136051, 0.21142, 0.0133785, 2.87469e-10, 1.94118e-09, 4.94217e-08, 5.3984e-05, 9.88742e-10
5127.36, 0.727558, 0.00423992, 0.0291115, 0.0139983, 0.211659, 0.0133785, 3.09094e-10, 2.13134e-09, 5.25027e-08, 5.53624e-05, 1.01406e-09
5140.69, 0.727267, 0.00413071, 0.0288823, 0.0143956, 0.211889, 0.0133785, 3.31932e-10, 2.33634e-09, 5.57169e-08, 5.67506e-05, 1.03956e-09
5153.85, 0.726969, 0.00402605, 0.0286581, 0.0147969, 0.212113, 0.0133785, 3.56022e-10, 2.55698e-09, 5.90667e-08, 5.8148e-05, 1.06523e-09
5166.86, 0.726666, 0.00392571, 0.0284391, 0.0152019, 0.212329, 0.0133785, 3.81401e-10, 2.79409e-09, 6.25544e-08, 5.95544e-05, 1.09107e-09
5179.7, 0.726357, 0.00382946, 0.0282249, 0.0156106, 0.212539, 0.0133785, 4.0811e-10, 3.04853e-09, 6.61822e-08, 6.09691e-05, 1.11707e-09
5192.39, 0.726041, 0.0037371, 0.0280154, 0.0160229, 0.212742, 0.0133785, 4.36188e-10, 3.32117e-09, 6.99524e-08, 6.23917e-05, 1.14322e-09
5204.92, 0.725721, 0.00364842, 0.0278106, 0.0164385, 0.212939, 0.0133785, 4.65672e-10, 3.61289e-09, 7.38671e-08, 6.38218e-05, 1.16951e-09
5217.31, 0.725394, 0.00356307, 0.0276099, 0.0168584, 0.213131, 0.0133785, 4.96676e-10, 3.92537e-09, 7.79381e-08, 6.52625e-05, 1.196e-09
5229.54, 0.725062, 0.00348122, 0.0274139, 0.0172806, 0.213317, 0.0133785, 5.29099e-10, 4.25813e-09, 8.21491e-08, 6.67068e-05, 1.22257e-09
5241.61, 0.724726, 0.00340256, 0.0272222, 0.0177057, 0.213497, 0.0133785, 5.6304e-10, 4.61273e-09, 8.65102e-08, 6.81573e-05, 1.24925e-09
5253.55, 0.724385, 0.0033269, 0.0270346, 0.0181338, 0.213672, 0.0133785, 5.9854e-10, 4.99017e-09, 9.10238e-08, 6.96138e-05, 1.27605e-09
5265.33, 0.724039, 0.00325411, 0.0268511, 0.0185646, 0.213841, 0.0133785, 6.35641e-10, 5.39145e-09, 9.5692e-08, 7.1076e-05, 1.30296e-09
5276.98, 0.723689, 0.00318403, 0.0266714, 0.0189982, 0.214007, 0.0133785, 6.7438e-10, 5.81759e-09, 1.00517e-07, 7.25437e-05, 1.32997e-09
5288.49, 0.723334, 0.00311653, 0.0264955, 0.0194345, 0.214167, 0.0133785, 7.14797e-10, 6.26962e-09, 1.055e-07, 7.40166e-05, 1.35709e-09
5299.86, 0.722975, 0.0030515, 0.0263233, 0.0198733, 0.214323, 0.0133785, 7.5693e-10, 6.7486e-09, 1.10643e-07, 7.54944e-05, 1.3843e-09
5311.09, 0.722612, 0.00298881, 0.0261546, 0.0203145, 0.214475, 0.0133785, 8.00817e-10, 7.25558e-09, 1.15948e-07, 7.69768e-05, 1.41161e-09
5322.2, 0.722244, 0.00292836, 0.0259894, 0.0207582, 0.214623, 0.0133785, 8.46496e-10, 7.79166e-09, 1.21418e-07, 7.84637e-05, 1.439e-09
5333.17, 0.721873, 0.00287003, 0.0258274, 0.0212041, 0.214767, 0.0133785, 8.94007e-10, 8.35794e-09, 1.27052e-07, 7.99547e-05, 1.46648e-09
5344.02, 0.721499, 0.00281372, 0.0256688, 0.0216522, 0.214907, 0.0133785, 9.43387e-10, 8.95555e-09, 1.32854e-07, 8.14497e-05, 1.49403e-09
5354.75, 0.72112, 0.00275936, 0.0255133, 0.0221025, 0.215043, 0.0133785, 9.94674e-10, 9.58563e-09, 1.38825e-07, 8.29484e-05, 1.52166e-09
5365.36, 0.720738, 0.00270683, 0.0253608, 0.0225548, 0.215176, 0.0133785, 1.04791e-09, 1.02493e-08, 1.44967e-07, 8.44507e-05, 1.54937e-09
5375.84, 0.720353, 0.00265607, 0.0252113, 0.0230092, 0.215306, 0.0133785, 1.10312e-09, 1.09478e-08, 1.5128e-07, 8.59563e-05, 1.57714e-09
5386.21, 0.719964, 0.00260699, 0.0250647, 0.0234655, 0.215432, 0.0133785, 1.16036e-09, 1.16823e-08, 1.57768e-07, 8.74652e-05, 1.60498e-09
5396.47, 0.719573, 0.00255952, 0.0249209, 0.0239237, 0.215556, 0.0133785, 1.21966e-09, 1.24541e-08, 1.64431e-07, 8.89771e-05, 1.63288e-09
5406.61, 0.719178, 0.00251358, 0.0247798, 0.0243836, 0.215676, 0.0133785, 1.28106e-09, 1.32642e-08, 1.71271e-07, 9.04918e-05, 1.66084e-09
5416.64, 0.71878, 0.00246911, 0.0246413, 0.0248454, 0.215793, 0.0133785, 1.34459e-09, 1.41141e-08, 1.78289e-07, 9.20093e-05, 1.68885e-09
5426.57, 0.718379, 0.00242604, 0.0245054, 0.0253088, 0.215908, 0.0133785, 1.41029e-09, 1.50049e-08, 1.85487e-07, 9.35293e-05, 1.71693e-09
5436.39, 0.717976, 0.00238432, 0.024372, 0.0257739, 0.21602, 0.0133785, 1.47821e-09, 1.59379e-08, 1.92867e-07, 9.50518e-05, 1.74505e-09
5446.1, 0.71757, 0.00234389, 0.0242409, 0.0262406, 0.21613, 0.0133785, 1.54838e-09, 1.69145e-08, 2.0043e-07, 9.65765e-05, 1.77323e-09
5455.72, 0.717161, 0.00230469, 0.0241123, 0.0267088, 0.216237, 0.0133785, 1.62083e-09, 1.79359e-08, 2.08177e-07, 9.81035e-05, 1.80145e-09
5465.24, 0.716749, 0.00226667, 0.0239859, 0.0271786, 0.216341, 0.0133785, 1.6956e-09, 1.90035e-08, 2.16109e-07, 9.96325e-05, 1.82972e-09
5474.66, 0.716335, 0.00222978, 0.0238617, 0.0276497, 0.216444, 0.0133785, 1.77274e-09, 2.01187e-08, 2.2423e-07, 0.000101163, 1.85803e-09
5483.98, 0.715919, 0.00219398, 0.0237397, 0.0281223, 0.216544, 0.0133785, 1.85228e-09, 2.12827e-08, 2.32538e-07, 0.000102696, 1.88639e-09
5493.21, 0.7155, 0.00215922, 0.0236197, 0.0285963, 0.216641, 0.0133785, 1.93426e-09, 2.2497e-08, 2.41037e-07, 0.000104231, 1.91479e-09
5502.35, 0.715078, 0.00212537, 0.0235016, 0.029073, 0.216737, 0.0133785, 2.01896e-09, 2.37667e-08, 2.49752e-07, 0.000105772, 1.9433e-09
5511.41, 0.714655, 0.00209257, 0.0233857, 0.0295495, 0.216831, 0.0133785, 2.10593e-09, 2.50858e-08, 2.58636e-07, 0.000107309, 1.97177e-09
5520.37, 0.71423, 0.0020607, 0.0232717, 0.0300273, 0.216923, 0.0133785, 2.19543e-09, 2.64594e-08, 2.67712e-07, 0.000108848, 2.00028e-09
5529.24, 0.713802, 0.00202971, 0.0231596, 0.0305063, 0.217013, 0.0133785, 2.28753e-09, 2.78889e-08, 2.76984e-07, 0.000110389, 2.02882e-09
5538.03, 0.713373, 0.00199958, 0.0230493, 0.0309865, 0.217101, 0.0133785, 2.38225e-09, 2.93757e-08, 2.86452e-07, 0.00011193, 2.05739e-09
5546.74, 0.712941, 0.00197026, 0.0229409, 0.0314678, 0.217187, 0.0133785, 2.47963e-09, 3.09215e-08, 2.96118e-07, 0.000113473, 2.08599e-09
5555.37, 0.712508, 0.00194174, 0.0228341, 0.0319503, 0.217272, 0.0133785, 2.57971e-09, 3.25276e-08, 3.05984e-07, 0.000115018, 2.11462e-09
5563.91, 0.712073, 0.00191397, 0.022729, 0.0324338, 0.217355, 0.0133785, 2.68252e-09, 3.41957e-08, 3.1605e-07, 0.000116563, 2.14329e-09
5572.38, 0.711636, 0.00188693, 0.0226256, 0.0329184, 0.217436, 0.0133785, 2.78811e-09, 3.59271e-08, 3.26318e-07, 0.000118109, 2.17198e-09
5580.77, 0.711197, 0.0018606, 0.0225238, 0.0334041, 0.217516, 0.0133785, 2.89652e-09, 3.77235e-08, 3.3679e-07, 0.000119656, 2.2007e-09
