T [K],Y(N2),Y(O2),Y(NO),Y(N),Y(O)
300.00000000,0.75719094,0.24280887,0.00000019,0.00000000,0.00000000
309.85492746,0.75719036,0.24280937,0.00000026,0.00000000,0.00000001
319.70985493,0.75718987,0.24280985,0.00000027,0.00000000,0.00000001
329.56478239,0.75718949,0.24281030,0.00000021,0.00000000,0.00000000
339.41970985,0.75718910,0.24281068,0.00000021,0.00000000,0.00000000
349.27463732,0.75718876,0.24281101,0.00000022,0.00000000,0.00000000
359.12956478,0.75718855,0.24281128,0.00000017,0.00000000,0.00000000
368.98449225,0.75718833,0.24281148,0.00000018,0.00000000,0.00000000
378.83941971,0.75718817,0.24281165,0.00000019,0.00000000,0.00000000
388.69434717,0.75718804,0.24281177,0.00000019,0.00000000,0.00000000
398.54927464,0.75718794,0.24281186,0.00000020,0.00000000,0.00000000
408.40420210,0.75718788,0.24281191,0.00000021,0.00000000,0.00000000
418.25912956,0.75718785,0.24281193,0.00000021,0.00000000,0.00000000
428.11405703,0.75718785,0.24281193,0.00000022,0.00000000,0.00000000
437.96898449,0.75718786,0.24281191,0.00000023,0.00000000,0.00000000
447.82391196,0.75718790,0.24281186,0.00000024,0.00000000,0.00000000
457.67883942,0.75718796,0.24281180,0.00000025,0.00000000,0.00000000
467.53376688,0.75718791,0.24281177,0.00000031,0.00000000,0.00000001
477.38869435,0.75718793,0.24281175,0.00000032,0.00000000,0.00000001
487.24362181,0.75718796,0.24281170,0.00000033,0.00000000,0.00000001
497.09854927,0.75718801,0.24281163,0.00000034,0.00000000,0.00000001
506.95347674,0.75718808,0.24281156,0.00000035,0.00000000,0.00000001
516.80840420,0.75718803,0.24281152,0.00000044,0.00000000,0.00000002
526.66333167,0.75718805,0.24281148,0.00000045,0.00000000,0.00000002
536.51825913,0.75718810,0.24281142,0.00000046,0.00000000,0.00000002
546.37318659,0.75718815,0.24281135,0.00000048,0.00000000,0.00000002
556.22811406,0.75718808,0.24281130,0.00000057,0.00000000,0.00000004
566.08304152,0.75718811,0.24281126,0.00000058,0.00000000,0.00000004
575.93796898,0.75718815,0.24281121,0.00000060,0.00000000,0.00000005
585.79289645,0.75718820,0.24281114,0.00000061,0.00000000,0.00000005
595.64782391,0.75718827,0.24281106,0.00000063,0.00000000,0.00000005
605.50275138,0.75718834,0.24281096,0.00000065,0.00000000,0.00000005
615.35767884,0.75718829,0.24281087,0.00000074,0.00000000,0.00000010
625.21260630,0.75718834,0.24281080,0.00000076,0.00000000,0.00000010
635.06753377,0.75718841,0.24281072,0.00000077,0.00000000,0.00000010
644.92246123,0.75718848,0.24281062,0.00000079,0.00000000,0.00000011
654.77738869,0.75718856,0.24281052,0.00000081,0.00000000,0.00000011
664.63231616,0.75718866,0.24281040,0.00000082,0.00000000,0.00000012
674.48724362,0.75718876,0.24281028,0.00000084,0.00000000,0.00000012
684.34217109,0.75718886,0.24281015,0.00000086,0.00000000,0.00000012
694.19709855,0.75718897,0.24281002,0.00000088,0.00000000,0.00000013
704.05202601,0.75718908,0.24280988,0.00000090,0.00000000,0.00000013
713.90695348,0.75718920,0.24280973,0.00000092,0.00000000,0.00000014
723.76188094,0.75718932,0.24280958,0.00000095,0.00000000,0.00000015
733.61680840,0.75718944,0.24280943,0.00000097,0.00000000,0.00000015
743.47173587,0.75718957,0.24280928,0.00000099,0.00000000,0.00000016
753.32666333,0.75718961,0.24280910,0.00000103,0.00000001,0.00000025
763.18159080,0.75718974,0.24280895,0.00000104,0.00000001,0.00000026
773.03651826,0.75718987,0.24280879,0.00000107,0.00000001,0.00000026
782.89144572,0.75718999,0.24280862,0.00000111,0.00000001,0.00000027
792.74637319,0.75719009,0.24280845,0.00000117,0.00000001,0.00000028
802.60130065,0.75719019,0.24280827,0.00000124,0.00000001,0.00000029
812.45622811,0.75719027,0.24280808,0.00000134,0.00000001,0.00000030
822.31115558,0.75719034,0.24280787,0.00000147,0.00000001,0.00000031
832.16608304,0.75719040,0.24280766,0.00000162,0.00000001,0.00000032
842.02101051,0.75719043,0.24280743,0.00000180,0.00000001,0.00000033
851.87593797,0.75719045,0.24280718,0.00000201,0.00000001,0.00000034
861.73086543,0.75719045,0.24280692,0.00000227,0.00000001,0.00000035
871.58579290,0.75719042,0.24280663,0.00000257,0.00000001,0.00000037
881.44072036,0.75719036,0.24280632,0.00000293,0.00000001,0.00000038
891.29564782,0.75719027,0.24280597,0.00000335,0.00000001,0.00000040
901.15057529,0.75719015,0.24280559,0.00000384,0.00000001,0.00000041
911.00550275,0.75718998,0.24280516,0.00000442,0.00000001,0.00000043
920.86043022,0.75718977,0.24280469,0.00000509,0.00000001,0.00000045
930.71535768,0.75718776,0.24280299,0.00000898,0.00000000,0.00000028
940.57028514,0.75718696,0.24280200,0.00001062,0.00000000,0.00000043
950.42521261,0.75718562,0.24280048,0.00001347,0.00000000,0.00000043
960.28014007,0.75718455,0.24279914,0.00001581,0.00000000,0.00000050
970.13506753,0.75718343,0.24279770,0.00001831,0.00000000,0.00000056
979.98999500,0.75718190,0.24279585,0.00002161,0.00000000,0.00000064
989.84492246,0.75718033,0.24279390,0.00002497,0.00000000,0.00000080
999.69984992,0.75717869,0.24279180,0.00002847,0.00000000,0.00000104
1009.55477739,0.75717695,0.24278950,0.00003216,0.00000000,0.00000139
1019.40970485,0.75717508,0.24278693,0.00003614,0.00000000,0.00000185
1029.26463232,0.75717265,0.24278354,0.00004120,0.00000000,0.00000261
1039.11955978,0.75717065,0.24278044,0.00004552,0.00000000,0.00000340
1048.97448724,0.75716792,0.24277615,0.00005125,0.00000000,0.00000467
1058.82941471,0.75716516,0.24277147,0.00005711,0.00000000,0.00000626
1068.68434217,0.75716226,0.24276619,0.00006328,0.00000000,0.00000827
1078.53926963,0.75715916,0.24276012,0.00006988,0.00000000,0.00001083
1088.39419710,0.75715582,0.24275309,0.00007699,0.00000000,0.00001410
1098.24912456,0.75715166,0.24274362,0.00008580,0.00000000,0.00001892
1108.10405203,0.75714763,0.24273346,0.00009438,0.00000000,0.00002452
1117.95897949,0.75714342,0.24272179,0.00010338,0.00000000,0.00003140
1127.81390695,0.75713832,0.24270623,0.00011425,0.00000000,0.00004120
1137.66883442,0.75713345,0.24268965,0.00012467,0.00000000,0.00005223
1147.52376188,0.75712828,0.24267017,0.00013574,0.00000000,0.00006581
1157.37868934,0.75712286,0.24264751,0.00014736,0.00000000,0.00008227
1167.23361681,0.75711712,0.24262092,0.00015966,0.00000000,0.00010230
1177.08854427,0.75711101,0.24258950,0.00017276,0.00000000,0.00012673
1186.94347174,0.75710452,0.24255236,0.00018668,0.00000000,0.00015644
1196.79839920,0.75709762,0.24250847,0.00020147,0.00000000,0.00019245
1206.65332666,0.75709030,0.24245663,0.00021715,0.00000000,0.00023593
1216.50825413,0.75708254,0.24239542,0.00023376,0.00000000,0.00028828
1226.36318159,0.75707433,0.24232323,0.00025134,0.00000000,0.00035110
1236.21810905,0.75706566,0.24223818,0.00026992,0.00000000,0.00042625
1246.07303652,0.75705649,0.24213809,0.00028954,0.00000000,0.00051587
1255.92796398,0.75704683,0.24202049,0.00031023,0.00000000,0.00062245
1265.78289145,0.75703666,0.24188251,0.00033203,0.00000000,0.00074880
1275.63781891,0.75702594,0.24172090,0.00035497,0.00000000,0.00089819
1285.49274637,0.75701468,0.24153194,0.00037908,0.00000000,0.00107430
1295.34767384,0.75700286,0.24131141,0.00040440,0.00000000,0.00128133
1305.20260130,0.75699046,0.24105452,0.00043095,0.00000000,0.00152407
1315.05752876,0.75697747,0.24075587,0.00045876,0.00000000,0.00180790
1324.91245623,0.75696388,0.24040937,0.00048786,0.00000000,0.00213889
1334.76738369,0.75694968,0.24000819,0.00051827,0.00000000,0.00252386
1344.62231116,0.75693485,0.23954468,0.00055001,0.00000000,0.00297045
1354.47723862,0.75691940,0.23901032,0.00058309,0.00000000,0.00348719
1364.33216608,0.75690331,0.23839562,0.00061753,0.00000000,0.00408354
1374.18709355,0.75688659,0.23769008,0.00065332,0.00000000,0.00477000
1384.04202101,0.75686924,0.23688213,0.00069047,0.00000000,0.00555816
1393.89694847,0.75685125,0.23595906,0.00072896,0.00000000,0.00646073
1403.75187594,0.75683265,0.23490695,0.00076877,0.00000000,0.00749163
1413.60680340,0.75681344,0.23371067,0.00080987,0.00000000,0.00866602
1423.46173087,0.75679364,0.23235386,0.00085222,0.00000000,0.01000028
1433.31665833,0.75677329,0.23081888,0.00089576,0.00000000,0.01151207
1443.17158579,0.75675241,0.22908691,0.00094041,0.00000000,0.01322026
1453.02651326,0.75673105,0.22713796,0.00098609,0.00000000,0.01514489
1462.88144072,0.75670926,0.22495101,0.00103269,0.00000000,0.01730704
1472.73636818,0.75668710,0.22250416,0.00108006,0.00000000,0.01972869
1482.59129565,0.75666464,0.21977483,0.00112806,0.00000000,0.02243246
1492.44622311,0.75664196,0.21674013,0.00117651,0.00000000,0.02544140
1502.30115058,0.75661918,0.21337713,0.00122518,0.00000000,0.02877851
1512.15607804,0.75659639,0.20966344,0.00127384,0.00000000,0.03246633
1522.01100550,0.75657374,0.20557770,0.00132221,0.00000000,0.03652635
1531.86593297,0.75655135,0.20110033,0.00136999,0.00000000,0.04097834
1541.72086043,0.75652940,0.19621430,0.00141682,0.00000000,0.04583948
1551.57578789,0.75650805,0.19090608,0.00146232,0.00000000,0.05112354
1561.43071536,0.75648751,0.18516661,0.00150609,0.00000000,0.05683978
1571.28564282,0.75646798,0.17899248,0.00154768,0.00000000,0.06299186
1581.14057029,0.75644968,0.17238702,0.00158662,0.00000001,0.06957668
1590.99549775,0.75643284,0.16536153,0.00162240,0.00000001,0.07658322
1600.85042521,0.75641770,0.15793638,0.00165452,0.00000001,0.08399139
1610.70535268,0.75640451,0.15014194,0.00168247,0.00000001,0.09177107
1620.56028014,0.75639349,0.14201933,0.00170574,0.00000001,0.09988143
1630.41520760,0.75638487,0.13362074,0.00172386,0.00000002,0.10827052
1640.27013507,0.75637885,0.12500926,0.00173640,0.00000002,0.11687548
1650.12506253,0.75637560,0.11625811,0.00174298,0.00000002,0.12562328
1659.97998999,0.75637527,0.10744910,0.00174333,0.00000003,0.13443227
1669.83491746,0.75637793,0.09867041,0.00173727,0.00000003,0.14321436
1679.68984492,0.75638360,0.09001354,0.00172474,0.00000004,0.15187808
1689.54477239,0.75639226,0.08156977,0.00170583,0.00000005,0.16033208
1699.39969985,0.75640379,0.07342623,0.00168077,0.00000006,0.16848914
1709.25462731,0.75641804,0.06566193,0.00164991,0.00000008,0.17627004
1719.10955478,0.75643476,0.05834419,0.00161376,0.00000009,0.18360719
1728.96448224,0.75645368,0.05152586,0.00157292,0.00000011,0.19044743
1738.81940970,0.75647446,0.04524352,0.00152809,0.00000013,0.19675380
1748.67433717,0.75649678,0.03951693,0.00147999,0.00000016,0.20250614
1758.52926463,0.75652026,0.03434976,0.00142941,0.00000019,0.20770038
1768.38419210,0.75654457,0.02973123,0.00137707,0.00000023,0.21234690
1778.23911956,0.75656937,0.02563863,0.00132368,0.00000028,0.21646804
1788.09404702,0.75659436,0.02204014,0.00126989,0.00000033,0.22009529
1797.94897449,0.75661928,0.01889771,0.00121625,0.00000039,0.22326637
1807.80390195,0.75664390,0.01616985,0.00116324,0.00000046,0.22602255
1817.65882941,0.75666803,0.01381383,0.00111126,0.00000055,0.22840632
1827.51375688,0.75669153,0.01178759,0.00106062,0.00000065,0.23045961
1837.36868434,0.75671429,0.01005101,0.00101155,0.00000077,0.23222239
1847.22361181,0.75673622,0.00856679,0.00096422,0.00000091,0.23373186
1857.07853927,0.75675726,0.00730100,0.00091875,0.00000107,0.23502193
1866.93346673,0.75677739,0.00622321,0.00087519,0.00000125,0.23612296
1876.78839420,0.75679657,0.00530654,0.00083359,0.00000147,0.23706183
1886.64332166,0.75681482,0.00452744,0.00079392,0.00000172,0.23786209
1896.49824912,0.75683214,0.00386552,0.00075618,0.00000201,0.23854415
1906.35317659,0.75684853,0.00330317,0.00072031,0.00000235,0.23912563
1916.20810405,0.75686403,0.00282533,0.00068626,0.00000274,0.23962164
1926.06303152,0.75687866,0.00241914,0.00065396,0.00000319,0.24004506
1935.91795898,0.75689243,0.00207364,0.00062333,0.00000370,0.24040689
1945.77288644,0.75690538,0.00177956,0.00059432,0.00000429,0.24071645
1955.62781391,0.75691753,0.00152904,0.00056683,0.00000497,0.24098164
1965.48274137,0.75692890,0.00131541,0.00054079,0.00000575,0.24120915
1975.33766883,0.75693951,0.00113307,0.00051613,0.00000664,0.24140464
1985.19259630,0.75694940,0.00097726,0.00049277,0.00000766,0.24157291
1995.04752376,0.75695856,0.00084396,0.00047065,0.00000882,0.24171801
2004.90245123,0.75696702,0.00072980,0.00044969,0.00001015,0.24184335
2014.75737869,0.75697478,0.00063190,0.00042983,0.00001165,0.24195184
2024.61230615,0.75698186,0.00054785,0.00041101,0.00001336,0.24204592
2034.46723362,0.75698824,0.00047560,0.00039316,0.00001530,0.24212769
2044.32216108,0.75699394,0.00041341,0.00037624,0.00001751,0.24219890
2054.17708854,0.75699894,0.00035982,0.00036019,0.00002000,0.24226106
2064.03201601,0.75700323,0.00031357,0.00034496,0.00002282,0.24231542
2073.88694347,0.75700680,0.00027362,0.00033050,0.00002600,0.24236309
2083.74187094,0.75700962,0.00023905,0.00031677,0.00002959,0.24240497
2093.59679840,0.75701166,0.00020912,0.00030373,0.00003363,0.24244187
2103.45172586,0.75701289,0.00018315,0.00029133,0.00003819,0.24247444
2113.30665333,0.75701328,0.00016061,0.00027955,0.00004330,0.24250326
2123.16158079,0.75701276,0.00014101,0.00026835,0.00004904,0.24252883
2133.01650825,0.75701130,0.00012395,0.00025768,0.00005548,0.24255158
2142.87143572,0.75700882,0.00010909,0.00024754,0.00006270,0.24257185
2152.72636318,0.75700525,0.00009611,0.00023788,0.00007077,0.24258998
2162.58129065,0.75700052,0.00008478,0.00022868,0.00007980,0.24260621
2172.43621811,0.75699454,0.00007487,0.00021991,0.00008988,0.24262080
2182.29114557,0.75698720,0.00006619,0.00021156,0.00010112,0.24263393
2192.14607304,0.75697839,0.00005859,0.00020359,0.00011364,0.24264579
2202.00100050,0.75696799,0.00005191,0.00019599,0.00012759,0.24265652
2211.85592796,0.75695587,0.00004605,0.00018874,0.00014310,0.24266625
2221.71085543,0.75694188,0.00004089,0.00018181,0.00016032,0.24267510
2231.56578289,0.75692584,0.00003634,0.00017520,0.00017944,0.24268317
2241.42071036,0.75690759,0.00003234,0.00016889,0.00020064,0.24269054
2251.27563782,0.75688692,0.00002881,0.00016285,0.00022413,0.24269729
2261.13056528,0.75686363,0.00002569,0.00015708,0.00025012,0.24270349
2270.98549275,0.75683747,0.00002293,0.00015156,0.00027886,0.24270919
2280.84042021,0.75680818,0.00002048,0.00014629,0.00031060,0.24271445
2290.69534767,0.75677551,0.00001832,0.00014123,0.00034564,0.24271931
2300.55027514,0.75673913,0.00001640,0.00013640,0.00038427,0.24272380
2310.40520260,0.75669873,0.00001469,0.00013177,0.00042683,0.24272798
2320.26013007,0.75665395,0.00001318,0.00012733,0.00047369,0.24273186
2330.11505753,0.75660440,0.00001183,0.00012308,0.00052522,0.24273547
2339.96998499,0.75654968,0.00001063,0.00011900,0.00058184,0.24273885
2349.82491246,0.75648934,0.00000956,0.00011510,0.00064401,0.24274200
2359.67983992,0.75642288,0.00000860,0.00011135,0.00071221,0.24274496
2369.53476738,0.75634980,0.00000775,0.00010775,0.00078697,0.24274773
2379.38969485,0.75626953,0.00000699,0.00010430,0.00086885,0.24275033
2389.24462231,0.75618147,0.00000631,0.00010098,0.00095846,0.24275278
2399.09954977,0.75608497,0.00000570,0.00009780,0.00105645,0.24275508
2408.95447724,0.75597933,0.00000515,0.00009474,0.00116352,0.24275726
2418.80940470,0.75586380,0.00000466,0.00009180,0.00128042,0.24275932
2428.66433217,0.75573759,0.00000422,0.00008897,0.00140795,0.24276127
2438.51925963,0.75559982,0.00000382,0.00008625,0.00154698,0.24276311
2448.37418709,0.75544959,0.00000347,0.00008364,0.00169844,0.24276486
2458.22911456,0.75528591,0.00000315,0.00008113,0.00186329,0.24276652
2468.08404202,0.75510772,0.00000286,0.00007870,0.00204261,0.24276810
2477.93896948,0.75491390,0.00000260,0.00007637,0.00223752,0.24276961
2487.79389695,0.75470324,0.00000237,0.00007413,0.00244922,0.24277104
2497.64882441,0.75447448,0.00000215,0.00007197,0.00267900,0.24277240
2507.50375188,0.75422624,0.00000196,0.00006988,0.00292822,0.24277370
2517.35867934,0.75395706,0.00000179,0.00006787,0.00319833,0.24277495
2527.21360680,0.75366541,0.00000163,0.00006594,0.00349089,0.24277614
2537.06853427,0.75334963,0.00000149,0.00006407,0.00380754,0.24277728
2546.92346173,0.75300798,0.00000136,0.00006226,0.00415003,0.24277837
2556.77838919,0.75263860,0.00000125,0.00006053,0.00452022,0.24277941
2566.63331666,0.75223952,0.00000114,0.00005885,0.00492008,0.24278041
2576.48824412,0.75180866,0.00000104,0.00005723,0.00535170,0.24278137
2586.34317159,0.75134379,0.00000096,0.00005566,0.00581730,0.24278229
2596.19809905,0.75084259,0.00000088,0.00005415,0.00631921,0.24278318
2606.05302651,0.75030257,0.00000081,0.00005268,0.00685991,0.24278403
2615.90795398,0.74972112,0.00000074,0.00005127,0.00744202,0.24278485
2625.76288144,0.74909547,0.00000068,0.00004990,0.00806830,0.24278564
2635.61780890,0.74842271,0.00000062,0.00004858,0.00874168,0.24278640
2645.47273637,0.74769977,0.00000057,0.00004730,0.00946522,0.24278713
2655.32766383,0.74692341,0.00000053,0.00004606,0.01024216,0.24278784
2665.18259130,0.74609022,0.00000049,0.00004487,0.01107591,0.24278852
2675.03751876,0.74519662,0.00000045,0.00004371,0.01197005,0.24278918
2684.89244622,0.74423886,0.00000041,0.00004258,0.01292834,0.24278981
2694.74737369,0.74321298,0.00000038,0.00004149,0.01395473,0.24279042
2704.60230115,0.74211485,0.00000035,0.00004044,0.01505335,0.24279101
2714.45722861,0.74094013,0.00000033,0.00003941,0.01622855,0.24279159
2724.31215608,0.73968429,0.00000030,0.00003842,0.01748484,0.24279214
2734.16708354,0.73834260,0.00000028,0.00003745,0.01882699,0.24279268
2744.02201101,0.73691011,0.00000026,0.00003652,0.02025991,0.24279320
2753.87693847,0.73538166,0.00000024,0.00003561,0.02178879,0.24279370
2763.73186593,0.73375189,0.00000022,0.00003473,0.02341897,0.24279419
2773.58679340,0.73201520,0.00000021,0.00003387,0.02515606,0.24279466
2783.44172086,0.73016580,0.00000019,0.00003304,0.02700585,0.24279512
2793.29664832,0.72819768,0.00000018,0.00003223,0.02897435,0.24279557
2803.15157579,0.72610459,0.00000016,0.00003145,0.03106780,0.24279600
2813.00650325,0.72388011,0.00000015,0.00003068,0.03329265,0.24279642
2822.86143072,0.72151756,0.00000014,0.00002993,0.03565554,0.24279683
2832.71635818,0.71901010,0.00000013,0.00002921,0.03816334,0.24279722
2842.57128564,0.71635067,0.00000012,0.00002850,0.04082309,0.24279761
2852.42621311,0.71353203,0.00000011,0.00002782,0.04364205,0.24279798
2862.28114057,0.71054676,0.00000011,0.00002714,0.04662764,0.24279835
2872.13606803,0.70738726,0.00000010,0.00002649,0.04978745,0.24279870
2881.99099550,0.70404579,0.00000009,0.00002585,0.05312921,0.24279905
2891.84592296,0.70051449,0.00000009,0.00002523,0.05666081,0.24279939
2901.70085043,0.69678535,0.00000008,0.00002462,0.06039022,0.24279972
2911.55577789,0.69285031,0.00000008,0.00002403,0.06432554,0.24280004
2921.41070535,0.68870122,0.00000007,0.00002345,0.06847490,0.24280035
2931.26563282,0.68432989,0.00000007,0.00002289,0.07284650,0.24280066
2941.12056028,0.67972815,0.00000006,0.00002233,0.07744850,0.24280096
2950.97548774,0.67488784,0.00000006,0.00002179,0.08228906,0.24280125
2960.83041521,0.66980089,0.00000005,0.00002126,0.08737626,0.24280154
2970.68534267,0.66445933,0.00000005,0.00002074,0.09271806,0.24280182
2980.54027014,0.65885539,0.00000005,0.00002024,0.09832224,0.24280209
2990.39519760,0.65298149,0.00000004,0.00001974,0.10419637,0.24280236
3000.25012506,0.64683035,0.00000004,0.00001925,0.11034774,0.24280262
3010.10505253,0.64039501,0.00000004,0.00001877,0.11678330,0.24280288
3019.95997999,0.63366894,0.00000004,0.00001831,0.12350959,0.24280313
3029.81490745,0.62664607,0.00000003,0.00001785,0.13053267,0.24280338
3039.66983492,0.61932091,0.00000003,0.00001740,0.13785804,0.24280362
3049.52476238,0.61168859,0.00000003,0.00001695,0.14549057,0.24280386
3059.37968984,0.60374496,0.00000003,0.00001652,0.15343440,0.24280409
3069.23461731,0.59548669,0.00000003,0.00001609,0.16169287,0.24280432
3079.08954477,0.58691133,0.00000003,0.00001567,0.17026843,0.24280455
3088.94447224,0.57801744,0.00000002,0.00001526,0.17916251,0.24280477
3098.79939970,0.56880468,0.00000002,0.00001485,0.18837546,0.24280499
3108.65432716,0.55927387,0.00000002,0.00001445,0.19790646,0.24280520
3118.50925463,0.54942712,0.00000002,0.00001406,0.20775339,0.24280541
3128.36418209,0.53926794,0.00000002,0.00001367,0.21791275,0.24280562
3138.21910955,0.52880129,0.00000002,0.00001329,0.22837958,0.24280582
3148.07403702,0.51803370,0.00000002,0.00001291,0.23914735,0.24280603
3157.92896448,0.50697333,0.00000002,0.00001254,0.25020789,0.24280622
3167.78389195,0.49563007,0.00000001,0.00001218,0.26155132,0.24280642
3177.63881941,0.48401557,0.00000001,0.00001182,0.27316598,0.24280661
3187.49374687,0.47214335,0.00000001,0.00001147,0.28503837,0.24280680
3197.34867434,0.46002876,0.00000001,0.00001112,0.29715312,0.24280699
3207.20360180,0.44768906,0.00000001,0.00001078,0.30949298,0.24280717
3217.05852926,0.43514338,0.00000001,0.00001044,0.32203882,0.24280735
3226.91345673,0.42241273,0.00000001,0.00001011,0.33476962,0.24280753
3236.76838419,0.40951995,0.00000001,0.00000978,0.34766256,0.24280770
3246.62331166,0.39648959,0.00000001,0.00000946,0.36069307,0.24280787
3256.47823912,0.38334787,0.00000001,0.00000915,0.37383493,0.24280804
3266.33316658,0.37012252,0.00000001,0.00000884,0.38706043,0.24280821
3276.18809405,0.35684261,0.00000001,0.00000853,0.40034048,0.24280837
3286.04302151,0.34353838,0.00000001,0.00000823,0.41364485,0.24280853
3295.89794897,0.33024099,0.00000001,0.00000793,0.42694238,0.24280869
3305.75287644,0.31698230,0.00000001,0.00000765,0.44020120,0.24280884
3315.60780390,0.30379460,0.00000001,0.00000736,0.45338904,0.24280900
3325.46273137,0.29071026,0.00000001,0.00000709,0.46647351,0.24280914
3335.31765883,0.27776148,0.00000001,0.00000681,0.47942241,0.24280929
3345.17258629,0.26497996,0.00000001,0.00000655,0.49220406,0.24280943
3355.02751376,0.25239650,0.00000001,0.00000629,0.50478763,0.24280957
3364.88244122,0.24004078,0.00000000,0.00000604,0.51714347,0.24280970
3374.73736868,0.22794097,0.00000000,0.00000579,0.52924340,0.24280984
3384.59229615,0.21612344,0.00000000,0.00000555,0.54106104,0.24280997
3394.44722361,0.20461252,0.00000000,0.00000531,0.55257207,0.24281009
3404.30215108,0.19343022,0.00000000,0.00000509,0.56375448,0.24281021
3414.15707854,0.18259605,0.00000000,0.00000487,0.57458875,0.24281033
3424.01200600,0.17212686,0.00000000,0.00000465,0.58505805,0.24281044
3433.86693347,0.16203669,0.00000000,0.00000444,0.59514831,0.24281055
3443.72186093,0.15233678,0.00000000,0.00000424,0.60484831,0.24281066
3453.57678839,0.14303547,0.00000000,0.00000405,0.61414971,0.24281076
3463.43171586,0.13413830,0.00000000,0.00000386,0.62304697,0.24281086
3473.28664332,0.12564806,0.00000000,0.00000368,0.63153729,0.24281096
3483.14157079,0.11756492,0.00000000,0.00000351,0.63962051,0.24281105
3492.99649825,0.10988657,0.00000000,0.00000334,0.64729894,0.24281114
3502.85142571,0.10260845,0.00000000,0.00000318,0.65457714,0.24281123
3512.70635318,0.09572390,0.00000000,0.00000303,0.66146176,0.24281131
3522.56128064,0.08922445,0.00000000,0.00000288,0.66796127,0.24281139
3532.41620810,0.08310003,0.00000000,0.00000274,0.67408576,0.24281146
3542.27113557,0.07733919,0.00000000,0.00000261,0.67984666,0.24281153
3552.12606303,0.07192938,0.00000000,0.00000248,0.68525653,0.24281160
3561.98099050,0.06685716,0.00000000,0.00000236,0.69032881,0.24281167
3571.83591796,0.06210840,0.00000000,0.00000224,0.69507762,0.24281173
3581.69084542,0.05766854,0.00000000,0.00000213,0.69951754,0.24281179
3591.54577289,0.05352270,0.00000000,0.00000202,0.70366343,0.24281185
3601.40070035,0.04965593,0.00000000,0.00000192,0.70753024,0.24281190
3611.25562781,0.04605330,0.00000000,0.00000182,0.71113293,0.24281195
3621.11055528,0.04270003,0.00000000,0.00000173,0.71448623,0.24281200
3630.96548274,0.03958165,0.00000000,0.00000164,0.71760466,0.24281205
3640.82041021,0.03668403,0.00000000,0.00000156,0.72050231,0.24281209
3650.67533767,0.03399350,0.00000000,0.00000148,0.72319288,0.24281214
3660.53026513,0.03149687,0.00000000,0.00000141,0.72568955,0.24281218
3670.38519260,0.02918149,0.00000000,0.00000134,0.72800496,0.24281221
3680.24012006,0.02703530,0.00000000,0.00000127,0.73015118,0.24281225
3690.09504752,0.02504680,0.00000000,0.00000121,0.73213971,0.24281228
3699.94997499,0.02320512,0.00000000,0.00000115,0.73398142,0.24281232
3709.80490245,0.02149995,0.00000000,0.00000109,0.73568661,0.24281235
3719.65982991,0.01992162,0.00000000,0.00000104,0.73726497,0.24281237
3729.51475738,0.01846101,0.00000000,0.00000098,0.73872561,0.24281240
3739.36968484,0.01710957,0.00000000,0.00000093,0.74007707,0.24281243
3749.22461231,0.01585931,0.00000000,0.00000089,0.74132735,0.24281245
3759.07953977,0.01470276,0.00000000,0.00000084,0.74248391,0.24281248
3768.93446723,0.01363297,0.00000000,0.00000080,0.74355373,0.24281250
3778.78939470,0.01264343,0.00000000,0.00000076,0.74454328,0.24281252
3788.64432216,0.01172814,0.00000000,0.00000073,0.74545860,0.24281254
3798.49924962,0.01088147,0.00000000,0.00000069,0.74630528,0.24281256
3808.35417709,0.01009825,0.00000000,0.00000066,0.74708852,0.24281258
3818.20910455,0.00937364,0.00000000,0.00000063,0.74781314,0.24281259
3828.06403202,0.00870320,0.00000000,0.00000060,0.74848359,0.24281261
3837.91895948,0.00808280,0.00000000,0.00000057,0.74910401,0.24281262
3847.77388694,0.00750860,0.00000000,0.00000054,0.74967822,0.24281264
3857.62881441,0.00697709,0.00000000,0.00000051,0.75020974,0.24281265
3867.48374187,0.00648501,0.00000000,0.00000049,0.75070183,0.24281267
3877.33866933,0.00602934,0.00000000,0.00000047,0.75115752,0.24281268
3887.19359680,0.00560729,0.00000000,0.00000044,0.75157957,0.24281269
3897.04852426,0.00521631,0.00000000,0.00000042,0.75197056,0.24281270
3906.90345173,0.00485403,0.00000000,0.00000040,0.75233286,0.24281271
3916.75837919,0.00451825,0.00000000,0.00000039,0.75266864,0.24281272
3926.61330665,0.00420697,0.00000000,0.00000037,0.75297993,0.24281273
3936.46823412,0.00391832,0.00000000,0.00000035,0.75326859,0.24281274
3946.32316158,0.00365059,0.00000000,0.00000033,0.75353633,0.24281275
3956.17808904,0.00340219,0.00000000,0.00000032,0.75378473,0.24281276
3966.03301651,0.00317167,0.00000000,0.00000030,0.75401526,0.24281276
3975.88794397,0.00295769,0.00000000,0.00000029,0.75422925,0.24281277
3985.74287144,0.00275899,0.00000000,0.00000028,0.75442795,0.24281278
3995.59779890,0.00257444,0.00000000,0.00000027,0.75461250,0.24281279
4005.45272636,0.00240299,0.00000000,0.00000025,0.75478397,0.24281279
4015.30765383,0.00224364,0.00000000,0.00000024,0.75494332,0.24281280
4025.16258129,0.00209551,0.00000000,0.00000023,0.75509145,0.24281280
4035.01750875,0.00195777,0.00000000,0.00000022,0.75522920,0.24281281
4044.87243622,0.00182965,0.00000000,0.00000021,0.75535732,0.24281281
4054.72736368,0.00171044,0.00000000,0.00000020,0.75547654,0.24281282
4064.58229115,0.00159949,0.00000000,0.00000019,0.75558749,0.24281282
4074.43721861,0.00149620,0.00000000,0.00000019,0.75569079,0.24281283
4084.29214607,0.00140000,0.00000000,0.00000018,0.75578699,0.24281283
4094.14707354,0.00131039,0.00000000,0.00000017,0.75587660,0.24281284
4104.00200100,0.00122689,0.00000000,0.00000016,0.75596010,0.24281284
4113.85692846,0.00114906,0.00000000,0.00000016,0.75603794,0.24281284
4123.71185593,0.00107649,0.00000000,0.00000015,0.75611051,0.24281285
4133.56678339,0.00100881,0.00000000,0.00000014,0.75617819,0.24281285
4143.42171086,0.00094567,0.00000000,0.00000014,0.75624134,0.24281285
4153.27663832,0.00088674,0.00000000,0.00000013,0.75630027,0.24281286
4163.13156578,0.00083173,0.00000000,0.00000013,0.75635528,0.24281286
4172.98649325,0.00078036,0.00000000,0.00000012,0.75640665,0.24281286
4182.84142071,0.00073239,0.00000000,0.00000012,0.75645463,0.24281287
4192.69634817,0.00068756,0.00000000,0.00000011,0.75649946,0.24281287
4202.55127564,0.00064566,0.00000000,0.00000011,0.75654136,0.24281287
4212.40620310,0.00060649,0.00000000,0.00000010,0.75658053,0.24281287
4222.26113057,0.00056986,0.00000000,0.00000010,0.75661716,0.24281288
4232.11605803,0.00053560,0.00000000,0.00000009,0.75665143,0.24281288
4241.97098549,0.00050354,0.00000000,0.00000009,0.75668349,0.24281288
4251.82591296,0.00047353,0.00000000,0.00000009,0.75671350,0.24281288
4261.68084042,0.00044544,0.00000000,0.00000008,0.75674160,0.24281288
4271.53576788,0.00041913,0.00000000,0.00000008,0.75676791,0.24281288
4281.39069535,0.00039448,0.00000000,0.00000008,0.75679256,0.24281289
4291.24562281,0.00037138,0.00000000,0.00000007,0.75681566,0.24281289
4301.10055028,0.00034974,0.00000000,0.00000007,0.75683730,0.24281289
4310.95547774,0.00032944,0.00000000,0.00000007,0.75685760,0.24281289
4320.81040520,0.00031041,0.00000000,0.00000007,0.75687664,0.24281289
4330.66533267,0.00029255,0.00000000,0.00000006,0.75689449,0.24281289
4340.52026013,0.00027580,0.00000000,0.00000006,0.75691125,0.24281290
4350.37518759,0.00026007,0.00000000,0.00000006,0.75692697,0.24281290
4360.23011506,0.00024531,0.00000000,0.00000006,0.75694174,0.24281290
4370.08504252,0.00023144,0.00000000,0.00000005,0.75695561,0.24281290
4379.93996998,0.00021842,0.00000000,0.00000005,0.75696863,0.24281290
4389.79489745,0.00020618,0.00000000,0.00000005,0.75698087,0.24281290
4399.64982491,0.00019467,0.00000000,0.00000005,0.75699238,0.24281290
4409.50475238,0.00018386,0.00000000,0.00000005,0.75700319,0.24281290
4419.35967984,0.00017369,0.00000000,0.00000004,0.75701336,0.24281290
4429.21460730,0.00016413,0.00000000,0.00000004,0.75702293,0.24281290
4439.06953477,0.00015513,0.00000000,0.00000004,0.75703193,0.24281291
4448.92446223,0.00014666,0.00000000,0.00000004,0.75704040,0.24281291
4458.77938969,0.00013869,0.00000000,0.00000004,0.75704837,0.24281291
4468.63431716,0.00013118,0.00000000,0.00000004,0.75705588,0.24281291
4478.48924462,0.00012411,0.00000000,0.00000004,0.75706295,0.24281291
4488.34417209,0.00011745,0.00000000,0.00000003,0.75706961,0.24281291
4498.19909955,0.00011117,0.00000000,0.00000003,0.75707588,0.24281291
4508.05402701,0.00010526,0.00000000,0.00000003,0.75708180,0.24281291
4517.90895448,0.00009968,0.00000000,0.00000003,0.75708738,0.24281291
4527.76388194,0.00009442,0.00000000,0.00000003,0.75709264,0.24281291
4537.61880940,0.00008946,0.00000000,0.00000003,0.75709760,0.24281291
4547.47373687,0.00008478,0.00000000,0.00000003,0.75710228,0.24281291
4557.32866433,0.00008036,0.00000000,0.00000003,0.75710670,0.24281291
4567.18359180,0.00007619,0.00000000,0.00000003,0.75711087,0.24281291
4577.03851926,0.00007226,0.00000000,0.00000002,0.75711480,0.24281291
4586.89344672,0.00006854,0.00000000,0.00000002,0.75711852,0.24281291
4596.74837419,0.00006503,0.00000000,0.00000002,0.75712203,0.24281292
4606.60330165,0.00006171,0.00000000,0.00000002,0.75712535,0.24281292
4616.45822911,0.00005858,0.00000000,0.00000002,0.75712848,0.24281292
4626.31315658,0.00005561,0.00000000,0.00000002,0.75713145,0.24281292
4636.16808404,0.00005281,0.00000000,0.00000002,0.75713425,0.24281292
4646.02301151,0.00005016,0.00000000,0.00000002,0.75713690,0.24281292
4655.87793897,0.00004766,0.00000000,0.00000002,0.75713941,0.24281292
4665.73286643,0.00004528,0.00000000,0.00000002,0.75714178,0.24281292
4675.58779390,0.00004304,0.00000000,0.00000002,0.75714402,0.24281292
4685.44272136,0.00004092,0.00000000,0.00000002,0.75714615,0.24281292
4695.29764882,0.00003891,0.00000000,0.00000002,0.75714816,0.24281292
4705.15257629,0.00003700,0.00000000,0.00000002,0.75715006,0.24281292
4715.00750375,0.00003520,0.00000000,0.00000002,0.75715187,0.24281292
4724.86243122,0.00003349,0.00000000,0.00000002,0.75715358,0.24281292
4734.71735868,0.00003187,0.00000000,0.00000001,0.75715520,0.24281292
4744.57228614,0.00003033,0.00000000,0.00000001,0.75715673,0.24281292
4754.42721361,0.00002888,0.00000000,0.00000001,0.75715819,0.24281292
4764.28214107,0.00002750,0.00000000,0.00000001,0.75715957,0.24281292
4774.13706853,0.00002619,0.00000000,0.00000001,0.75716087,0.24281292
4783.99199600,0.00002495,0.00000000,0.00000001,0.75716212,0.24281292
4793.84692346,0.00002377,0.00000000,0.00000001,0.75716329,0.24281292
4803.70185093,0.00002266,0.00000000,0.00000001,0.75716441,0.24281292
4813.55677839,0.00002160,0.00000000,0.00000001,0.75716547,0.24281292
4823.41170585,0.00002059,0.00000000,0.00000001,0.75716648,0.24281292
4833.26663332,0.00001963,0.00000000,0.00000001,0.75716744,0.24281292
4843.12156078,0.00001872,0.00000000,0.00000001,0.75716834,0.24281292
4852.97648824,0.00001786,0.00000000,0.00000001,0.75716921,0.24281292
4862.83141571,0.00001704,0.00000000,0.00000001,0.75717003,0.24281292
4872.68634317,0.00001626,0.00000000,0.00000001,0.75717081,0.24281292
4882.54127064,0.00001552,0.00000000,0.00000001,0.75717155,0.24281292
4892.39619810,0.00001482,0.00000000,0.00000001,0.75717225,0.24281292
4902.25112556,0.00001415,0.00000000,0.00000001,0.75717292,0.24281292
4912.10605303,0.00001351,0.00000000,0.00000001,0.75717356,0.24281292
4921.96098049,0.00001291,0.00000000,0.00000001,0.75717416,0.24281292
4931.81590795,0.00001233,0.00000000,0.00000001,0.75717474,0.24281292
4941.67083542,0.00001178,0.00000000,0.00000001,0.75717529,0.24281292
4951.52576288,0.00001126,0.00000000,0.00000001,0.75717581,0.24281292
4961.38069035,0.00001076,0.00000000,0.00000001,0.75717631,0.24281292
4971.23561781,0.00001029,0.00000000,0.00000001,0.75717678,0.24281292
4981.09054527,0.00000984,0.00000000,0.00000001,0.75717723,0.24281292
4990.94547274,0.00000941,0.00000000,0.00000001,0.75717766,0.24281292
5000.80040020,0.00000900,0.00000000,0.00000001,0.75717807,0.24281292
5010.65532766,0.00000861,0.00000000,0.00000001,0.75717846,0.24281292
5020.51025513,0.00000824,0.00000000,0.00000001,0.75717883,0.24281292
5030.36518259,0.00000789,0.00000000,0.00000001,0.75717918,0.24281292
5040.22011006,0.00000755,0.00000000,0.00000001,0.75717952,0.24281292
5050.07503752,0.00000723,0.00000000,0.00000001,0.75717984,0.24281292
5059.92996498,0.00000692,0.00000000,0.00000001,0.75718015,0.24281292
5069.78489245,0.00000663,0.00000000,0.00000001,0.75718044,0.24281292
5079.63981991,0.00000635,0.00000000,0.00000001,0.75718072,0.24281292
5089.49474737,0.00000608,0.00000000,0.00000000,0.75718099,0.24281292
5099.34967484,0.00000583,0.00000000,0.00000000,0.75718124,0.24281292
5109.20460230,0.00000559,0.00000000,0.00000000,0.75718149,0.24281293
5119.05952976,0.00000535,0.00000000,0.00000000,0.75718172,0.24281293
5128.91445723,0.00000513,0.00000000,0.00000000,0.75718194,0.24281293
5138.76938469,0.00000492,0.00000000,0.00000000,0.75718215,0.24281293
5148.62431216,0.00000472,0.00000000,0.00000000,0.75718235,0.24281293
5158.47923962,0.00000453,0.00000000,0.00000000,0.75718254,0.24281293
5168.33416708,0.00000434,0.00000000,0.00000000,0.75718273,0.24281293
5178.18909455,0.00000417,0.00000000,0.00000000,0.75718291,0.24281293
5188.04402201,0.00000400,0.00000000,0.00000000,0.75718307,0.24281293
5197.89894947,0.00000384,0.00000000,0.00000000,0.75718324,0.24281293
5207.75387694,0.00000368,0.00000000,0.00000000,0.75718339,0.24281293
5217.60880440,0.00000353,0.00000000,0.00000000,0.75718354,0.24281293
5227.46373187,0.00000339,0.00000000,0.00000000,0.75718368,0.24281293
5237.31865933,0.00000326,0.00000000,0.00000000,0.75718381,0.24281293
5247.17358679,0.00000313,0.00000000,0.00000000,0.75718394,0.24281293
5257.02851426,0.00000301,0.00000000,0.00000000,0.75718406,0.24281293
5266.88344172,0.00000289,0.00000000,0.00000000,0.75718418,0.24281293
5276.73836918,0.00000278,0.00000000,0.00000000,0.75718430,0.24281293
5286.59329665,0.00000267,0.00000000,0.00000000,0.75718440,0.24281293
5296.44822411,0.00000256,0.00000000,0.00000000,0.75718451,0.24281293
5306.30315158,0.00000246,0.00000000,0.00000000,0.75718461,0.24281293
5316.15807904,0.00000237,0.00000000,0.00000000,0.75718470,0.24281293
5326.01300650,0.00000228,0.00000000,0.00000000,0.75718479,0.24281293
5335.86793397,0.00000219,0.00000000,0.00000000,0.75718488,0.24281293
5345.72286143,0.00000211,0.00000000,0.00000000,0.75718496,0.24281293
5355.57778889,0.00000203,0.00000000,0.00000000,0.75718504,0.24281293
5365.43271636,0.00000195,0.00000000,0.00000000,0.75718512,0.24281293
5375.28764382,0.00000188,0.00000000,0.00000000,0.75718519,0.24281293
5385.14257129,0.00000181,0.00000000,0.00000000,0.75718526,0.24281293
5394.99749875,0.00000174,0.00000000,0.00000000,0.75718533,0.24281293
5404.85242621,0.00000167,0.00000000,0.00000000,0.75718540,0.24281293
5414.70735368,0.00000161,0.00000000,0.00000000,0.75718546,0.24281293
5424.56228114,0.00000155,0.00000000,0.00000000,0.75718552,0.24281293
5434.41720860,0.00000150,0.00000000,0.00000000,0.75718558,0.24281293
5444.27213607,0.00000144,0.00000000,0.00000000,0.75718563,0.24281293
5454.12706353,0.00000139,0.00000000,0.00000000,0.75718568,0.24281293
5463.98199100,0.00000134,0.00000000,0.00000000,0.75718573,0.24281293
5473.83691846,0.00000129,0.00000000,0.00000000,0.75718578,0.24281293
5483.69184592,0.00000124,0.00000000,0.00000000,0.75718583,0.24281293
5493.54677339,0.00000120,0.00000000,0.00000000,0.75718588,0.24281293
5503.40170085,0.00000115,0.00000000,0.00000000,0.75718592,0.24281293
5513.25662831,0.00000111,0.00000000,0.00000000,0.75718596,0.24281293
5523.11155578,0.00000107,0.00000000,0.00000000,0.75718600,0.24281293
5532.96648324,0.00000103,0.00000000,0.00000000,0.75718604,0.24281293
5542.82141071,0.00000100,0.00000000,0.00000000,0.75718607,0.24281293
5552.67633817,0.00000096,0.00000000,0.00000000,0.75718611,0.24281293
5562.53126563,0.00000093,0.00000000,0.00000000,0.75718614,0.24281293
5572.38619310,0.00000090,0.00000000,0.00000000,0.75718618,0.24281293
5582.24112056,0.00000086,0.00000000,0.00000000,0.75718621,0.24281293
5592.09604802,0.00000083,0.00000000,0.00000000,0.75718624,0.24281293
5601.95097549,0.00000080,0.00000000,0.00000000,0.75718627,0.24281293
5611.80590295,0.00000078,0.00000000,0.00000000,0.75718630,0.24281293
5621.66083042,0.00000075,0.00000000,0.00000000,0.75718632,0.24281293
5631.51575788,0.00000072,0.00000000,0.00000000,0.75718635,0.24281293
5641.37068534,0.00000070,0.00000000,0.00000000,0.75718637,0.24281293
5651.22561281,0.00000068,0.00000000,0.00000000,0.75718640,0.24281293
5661.08054027,0.00000065,0.00000000,0.00000000,0.75718642,0.24281293
5670.93546773,0.00000063,0.00000000,0.00000000,0.75718644,0.24281293
5680.79039520,0.00000061,0.00000000,0.00000000,0.75718646,0.24281293
5690.64532266,0.00000059,0.00000000,0.00000000,0.75718648,0.24281293
5700.50025013,0.00000057,0.00000000,0.00000000,0.75718650,0.24281293
5710.35517759,0.00000055,0.00000000,0.00000000,0.75718652,0.24281293
5720.21010505,0.00000053,0.00000000,0.00000000,0.75718654,0.24281293
5730.06503252,0.00000051,0.00000000,0.00000000,0.75718656,0.24281293
5739.91995998,0.00000050,0.00000000,0.00000000,0.75718658,0.24281293
5749.77488744,0.00000048,0.00000000,0.00000000,0.75718659,0.24281293
5759.62981491,0.00000046,0.00000000,0.00000000,0.75718661,0.24281293
5769.48474237,0.00000045,0.00000000,0.00000000,0.75718662,0.24281293
5779.33966983,0.00000043,0.00000000,0.00000000,0.75718664,0.24281293
5789.19459730,0.00000042,0.00000000,0.00000000,0.75718665,0.24281293
5799.04952476,0.00000041,0.00000000,0.00000000,0.75718667,0.24281293
5808.90445223,0.00000039,0.00000000,0.00000000,0.75718668,0.24281293
5818.75937969,0.00000038,0.00000000,0.00000000,0.75718669,0.24281293
5828.61430715,0.00000037,0.00000000,0.00000000,0.75718670,0.24281293
5838.46923462,0.00000036,0.00000000,0.00000000,0.75718672,0.24281293
5848.32416208,0.00000035,0.00000000,0.00000000,0.75718673,0.24281293
5858.17908954,0.00000033,0.00000000,0.00000000,0.75718674,0.24281293
5868.03401701,0.00000032,0.00000000,0.00000000,0.75718675,0.24281293
5877.88894447,0.00000031,0.00000000,0.00000000,0.75718676,0.24281293
5887.74387194,0.00000030,0.00000000,0.00000000,0.75718677,0.24281293
5897.59879940,0.00000029,0.00000000,0.00000000,0.75718678,0.24281293
5907.45372686,0.00000028,0.00000000,0.00000000,0.75718679,0.24281293
5917.30865433,0.00000028,0.00000000,0.00000000,0.75718680,0.24281293
