T,P,N2,O2,NO,N,O,N2+,O2+,N+,O+,NO+,e-
300.000000,101325.000000,0.75718747,0.24280772,0.00000024,0.00000000,0.00000000,0.00000000,0.00000004,0.00000000,0.00000000,0.00000453,0.00000000
309.850000,101325.000000,0.75718710,0.24280775,0.00000000,0.00000000,0.00000000,0.00000000,0.00000000,0.00000000,0.00000000,0.00000515,0.00000000
319.700000,101325.000000,0.75718706,0.24280775,0.00000000,0.00000000,0.00000000,0.00000000,0.00000000,0.00000000,0.00000000,0.00000519,0.00000000
329.550000,101325.000000,0.75718706,0.24280775,0.00000000,0.00000000,0.00000000,0.00000000,0.00000000,0.00000000,0.00000000,0.00000519,0.00000000
339.400000,101325.000000,0.75718708,0.24280775,0.00000000,0.00000000,0.00000000,0.00000000,0.00000000,0.00000000,0.00000000,0.00000517,0.00000000
349.250000,101325.000000,0.75718710,0.24280776,0.00000000,0.00000000,0.00000000,0.00000000,0.00000000,0.00000000,0.00000000,0.00000515,0.00000000
359.100000,101325.000000,0.75718706,0.24280775,0.00000000,0.00000000,0.00000000,0.00000000,0.00000000,0.00000000,0.00000000,0.00000519,0.00000000
368.950000,101325.000000,0.75718709,0.24280775,0.00000000,0.00000000,0.00000000,0.00000000,0.00000000,0.00000000,0.00000000,0.00000516,0.00000000
378.800000,101325.000000,0.75718711,0.24280775,0.00000000,0.00000000,0.00000000,0.00000000,0.00000000,0.00000000,0.00000000,0.00000514,0.00000000
388.650000,101325.000000,0.75718710,0.24280775,0.00000000,0.00000000,0.00000000,0.00000000,0.00000000,0.00000000,0.00000000,0.00000515,0.00000000
398.500000,101325.000000,0.75718708,0.24280774,0.00000000,0.00000000,0.00000000,0.00000000,0.00000000,0.00000000,0.00000000,0.00000518,0.00000000
408.350000,101325.000000,0.75718710,0.24280774,0.00000000,0.00000000,0.00000000,0.00000000,0.00000000,0.00000000,0.00000000,0.00000516,0.00000000
418.200000,101325.000000,0.75718709,0.24280773,0.00000001,0.00000000,0.00000000,0.00000000,0.00000000,0.00000000,0.00000000,0.00000518,0.00000000
428.050000,101325.000000,0.75718374,0.24280701,0.00000047,0.00000000,0.00000002,0.00000000,0.00000006,0.00000000,0.00000000,0.00000871,0.00000000
437.900000,101325.000000,0.75718719,0.24280763,0.00000000,0.00000000,0.00000000,0.00000000,0.00000000,0.00000000,0.00000000,0.00000518,0.00000000
447.750000,101325.000000,0.75718385,0.24280690,0.00000050,0.00000000,0.00000002,0.00000000,0.00000006,0.00000000,0.00000000,0.00000868,0.00000000
457.600000,101325.000000,0.75718729,0.24280760,0.00000000,0.00000000,0.00000000,0.00000000,0.00000000,0.00000000,0.00000000,0.00000511,0.00000000
467.450000,101325.000000,0.75718716,0.24280764,0.00000002,0.00000000,0.00000000,0.00000000,0.00000000,0.00000000,0.00000000,0.00000518,0.00000000
477.300000,101325.000000,0.75718718,0.24280767,0.00000002,0.00000000,0.00000000,0.00000000,0.00000000,0.00000000,0.00000000,0.00000513,0.00000000
487.150000,101325.000000,0.75718713,0.24280768,0.00000003,0.00000000,0.00000000,0.00000000,0.00000000,0.00000000,0.00000000,0.00000517,0.00000000
497.000000,101325.000000,0.75718710,0.24280768,0.00000003,0.00000000,0.00000000,0.00000000,0.00000000,0.00000000,0.00000000,0.00000519,0.00000000
506.850000,101325.000000,0.75718717,0.24280768,0.00000004,0.00000000,0.00000000,0.00000000,0.00000000,0.00000000,0.00000000,0.00000511,0.00000000
516.700000,101325.000000,0.75718713,0.24280767,0.00000005,0.00000000,0.00000000,0.00000000,0.00000000,0.00000000,0.00000000,0.00000515,0.00000000
526.550000,101325.000000,0.75718380,0.24280683,0.00000063,0.00000000,0.00000003,0.00000000,0.00000008,0.00000000,0.00000000,0.00000862,0.00000000
536.400000,101325.000000,0.75718727,0.24280756,0.00000003,0.00000000,0.00000000,0.00000000,0.00000000,0.00000000,0.00000000,0.00000514,0.00000000
546.250000,101325.000000,0.75718393,0.24280671,0.00000065,0.00000000,0.00000003,0.00000000,0.00000008,0.00000000,0.00000000,0.00000859,0.00000000
556.100000,101325.000000,0.75718737,0.24280751,0.00000004,0.00000000,0.00000000,0.00000000,0.00000000,0.00000000,0.00000000,0.00000508,0.00000000
565.950000,101325.000000,0.75718404,0.24280665,0.00000068,0.00000000,0.00000003,0.00000000,0.00000008,0.00000000,0.00000000,0.00000851,0.00000000
575.800000,101325.000000,0.75718731,0.24280746,0.00000006,0.00000000,0.00000000,0.00000000,0.00000000,0.00000000,0.00000000,0.00000516,0.00000000
585.650000,101325.000000,0.75718402,0.24280659,0.00000071,0.00000000,0.00000004,0.00000000,0.00000008,0.00000000,0.00000000,0.00000857,0.00000000
595.500000,101325.000000,0.75718730,0.24280742,0.00000009,0.00000000,0.00000000,0.00000000,0.00000000,0.00000000,0.00000000,0.00000519,0.00000000
605.350000,101325.000000,0.75718403,0.24280654,0.00000074,0.00000000,0.00000004,0.00000000,0.00000007,0.00000000,0.00000000,0.00000857,0.00000000
615.200000,101325.000000,0.75718740,0.24280740,0.00000013,0.00000000,0.00000000,0.00000000,0.00000000,0.00000000,0.00000000,0.00000506,0.00000000
625.050000,101325.000000,0.75718416,0.24280652,0.00000077,0.00000000,0.00000004,0.00000000,0.00000007,0.00000000,0.00000000,0.00000843,0.00000000
634.900000,101325.000000,0.75718740,0.24280736,0.00000018,0.00000000,0.00000000,0.00000000,0.00000000,0.00000000,0.00000000,0.00000506,0.00000000
644.750000,101325.000000,0.75718412,0.24280640,0.00000083,0.00000000,0.00000006,0.00000000,0.00000011,0.00000000,0.00000000,0.00000848,0.00000000
654.600000,101325.000000,0.75718732,0.24280727,0.00000025,0.00000000,0.00000000,0.00000000,0.00000000,0.00000000,0.00000000,0.00000515,0.00000000
664.450000,101325.000000,0.75718410,0.24280631,0.00000086,0.00000000,0.00000006,0.00000000,0.00000011,0.00000000,0.00000000,0.00000855,0.00000000
674.300000,101325.000000,0.75718735,0.24280721,0.00000033,0.00000000,0.00000000,0.00000000,0.00000000,0.00000000,0.00000000,0.00000511,0.00000000
684.150000,101325.000000,0.75718419,0.24280625,0.00000090,0.00000000,0.00000006,0.00000000,0.00000011,0.00000000,0.00000000,0.00000849,0.00000000
694.000000,101325.000000,0.75718740,0.24280714,0.00000044,0.00000000,0.00000000,0.00000000,0.00000000,0.00000000,0.00000000,0.00000502,0.00000000
703.850000,101325.000000,0.75718431,0.24280620,0.00000093,0.00000000,0.00000007,0.00000000,0.00000011,0.00000000,0.00000000,0.00000839,0.00000000
713.700000,101325.000000,0.75718729,0.24280702,0.00000058,0.00000000,0.00000000,0.00000000,0.00000000,0.00000000,0.00000000,0.00000510,0.00000000
723.550000,101325.000000,0.75718431,0.24280610,0.00000097,0.00000000,0.00000007,0.00000000,0.00000011,0.00000000,0.00000000,0.00000845,0.00000000
733.400000,101325.000000,0.75718726,0.24280690,0.00000075,0.00000000,0.00000000,0.00000000,0.00000000,0.00000000,0.00000000,0.00000509,0.00000000
743.250000,101325.000000,0.75718439,0.24280600,0.00000100,0.00000000,0.00000007,0.00000000,0.00000010,0.00000000,0.00000000,0.00000842,0.00000000
753.100000,101325.000000,0.75718724,0.24280677,0.00000095,0.00000000,0.00000000,0.00000000,0.00000000,0.00000000,0.00000000,0.00000505,0.00000000
762.950000,101325.000000,0.75718451,0.24280590,0.00000104,0.00000000,0.00000008,0.00000000,0.00000010,0.00000000,0.00000000,0.00000837,0.00000000
772.800000,101325.000000,0.75718719,0.24280660,0.00000120,0.00000000,0.00000000,0.00000000,0.00000000,0.00000000,0.00000000,0.00000501,0.00000000
782.650000,101325.000000,0.75718445,0.24280566,0.00000123,0.00000000,0.00000011,0.00000000,0.00000016,0.00000000,0.00000000,0.00000839,0.00000000
792.500000,101325.000000,0.75718706,0.24280635,0.00000159,0.00000000,0.00000000,0.00000000,0.00000000,0.00000000,0.00000000,0.00000500,0.00000000
802.350000,101325.000000,0.75718432,0.24280540,0.00000164,0.00000000,0.00000011,0.00000000,0.00000016,0.00000000,0.00000000,0.00000837,0.00000000
812.200000,101325.000000,0.75718681,0.24280601,0.00000218,0.00000000,0.00000000,0.00000000,0.00000000,0.00000000,0.00000000,0.00000500,0.00000000
822.050000,101325.000000,0.75718407,0.24280505,0.00000225,0.00000000,0.00000012,0.00000000,0.00000015,0.00000000,0.00000000,0.00000836,0.00000000
831.900000,101325.000000,0.75718643,0.24280556,0.00000300,0.00000000,0.00000000,0.00000000,0.00000000,0.00000000,0.00000000,0.00000500,0.00000000
841.750000,101325.000000,0.75718369,0.24280458,0.00000311,0.00000000,0.00000012,0.00000000,0.00000015,0.00000000,0.00000000,0.00000835,0.00000000
851.600000,101325.000000,0.75718591,0.24280497,0.00000410,0.00000000,0.00000000,0.00000000,0.00000000,0.00000000,0.00000000,0.00000502,0.00000000
861.450000,101325.000000,0.75718317,0.24280396,0.00000424,0.00000000,0.00000013,0.00000000,0.00000015,0.00000000,0.00000000,0.00000835,0.00000000
871.300000,101325.000000,0.75718523,0.24280419,0.00000552,0.00000000,0.00000000,0.00000000,0.00000000,0.00000000,0.00000000,0.00000505,0.00000000
881.150000,101325.000000,0.75718249,0.24280316,0.00000571,0.00000000,0.00000013,0.00000000,0.00000015,0.00000000,0.00000000,0.00000836,0.00000000
891.000000,101325.000000,0.75718435,0.24280320,0.00000735,0.00000000,0.00000000,0.00000000,0.00000000,0.00000000,0.00000000,0.00000510,0.00000000
900.850000,101325.000000,0.75718154,0.24280203,0.00000754,0.00000001,0.00000017,0.00000000,0.00000023,0.00000000,0.00000000,0.00000847,0.00000000
910.700000,101325.000000,0.75717918,0.24280095,0.00000783,0.00000001,0.00000017,0.00000000,0.00000019,0.00000000,0.00000000,0.00001166,0.00000000
920.550000,101325.000000,0.75718271,0.24280115,0.00001101,0.00000000,0.00000000,0.00000000,0.00000000,0.00000000,0.00000000,0.00000513,0.00000000
930.400000,101325.000000,0.75717986,0.24279993,0.00001130,0.00000001,0.00000018,0.00000000,0.00000022,0.00000000,0.00000000,0.00000849,0.00000000
940.250000,101325.000000,0.75717746,0.24279878,0.00001171,0.00000001,0.00000018,0.00000000,0.00000019,0.00000000,0.00000000,0.00001165,0.00000000
950.100000,101325.000000,0.75718039,0.24279839,0.00001616,0.00000000,0.00000000,0.00000000,0.00000000,0.00000000,0.00000000,0.00000506,0.00000000
959.950000,101325.000000,0.75717750,0.24279710,0.00001657,0.00000001,0.00000019,0.00000000,0.00000022,0.00000000,0.00000000,0.00000840,0.00000000
969.800000,101325.000000,0.75717827,0.24279608,0.00002052,0.00000000,0.00000000,0.00000000,0.00000000,0.00000000,0.00000000,0.00000513,0.00000000
979.650000,101325.000000,0.75717534,0.24279472,0.00002104,0.00000001,0.00000020,0.00000000,0.00000022,0.00000000,0.00000000,0.00000846,0.00000000
989.500000,101325.000000,0.75717583,0.24279322,0.00002598,0.00000000,0.00000000,0.00000000,0.00000000,0.00000000,0.00000000,0.00000498,0.00000000
999.350000,101325.000000,0.75717422,0.24279166,0.00002900,0.00000000,0.00000001,0.00000000,0.00000000,0.00000000,0.00000000,0.00000511,0.00000000
1009.200000,101325.000000,0.75717259,0.24278991,0.00003235,0.00000000,0.00000001,0.00000000,0.00000000,0.00000000,0.00000000,0.00000514,0.00000000
1019.050000,101325.000000,0.75717085,0.24278796,0.00003607,0.00000000,0.00000001,0.00000000,0.00000000,0.00000000,0.00000000,0.00000511,0.00000000
1028.900000,101325.000000,0.75716899,0.24278581,0.00004015,0.00000000,0.00000001,0.00000000,0.00000000,0.00000000,0.00000000,0.00000505,0.00000000
1038.750000,101325.000000,0.75716696,0.24278345,0.00004462,0.00000000,0.00000001,0.00000000,0.00000000,0.00000000,0.00000000,0.00000497,0.00000000
1048.600000,101325.000000,0.75716486,0.24278073,0.00004993,0.00000000,0.00000001,0.00000000,0.00000000,0.00000000,0.00000000,0.00000448,0.00000000
1058.450000,101325.000000,0.75716248,0.24277784,0.00005548,0.00000000,0.00000001,0.00000000,0.00000000,0.00000000,0.00000000,0.00000419,0.00000000
1068.300000,101325.000000,0.75715989,0.24277464,0.00006163,0.00000000,0.00000001,0.00000000,0.00000000,0.00000000,0.00000000,0.00000383,0.00000000
1078.150000,101325.000000,0.75715705,0.24277115,0.00006836,0.00000000,0.00000001,0.00000000,0.00000000,0.00000000,0.00000000,0.00000343,0.00000000
1088.000000,101325.000000,0.75715394,0.24276746,0.00007537,0.00000000,0.00000001,0.00000000,0.00000000,0.00000000,0.00000000,0.00000322,0.00000000
1097.850000,101325.000000,0.75715055,0.24276340,0.00008312,0.00000000,0.00000001,0.00000000,0.00000000,0.00000000,0.00000000,0.00000292,0.00000000
1107.700000,101325.000000,0.75714689,0.24275911,0.00009123,0.00000000,0.00000001,0.00000000,0.00000000,0.00000000,0.00000000,0.00000276,0.00000000
1117.550000,101325.000000,0.75714292,0.24275440,0.00010017,0.00000000,0.00000001,0.00000000,0.00000000,0.00000000,0.00000000,0.00000250,0.00000000
1127.400000,101325.000000,0.75713866,0.24274944,0.00010953,0.00000000,0.00000001,0.00000000,0.00000000,0.00000000,0.00000000,0.00000236,0.00000000
1137.250000,101325.000000,0.75713404,0.24274401,0.00011981,0.00000000,0.00000001,0.00000000,0.00000000,0.00000000,0.00000000,0.00000212,0.00000000
1147.100000,101325.000000,0.75712912,0.24273832,0.00013054,0.00000000,0.00000001,0.00000000,0.00000000,0.00000000,0.00000000,0.00000200,0.00000000
1156.950000,101325.000000,0.75712381,0.24273209,0.00014231,0.00000000,0.00000001,0.00000000,0.00000000,0.00000000,0.00000000,0.00000178,0.00000000
1166.800000,101325.000000,0.75711817,0.24272559,0.00015454,0.00000000,0.00000001,0.00000000,0.00000000,0.00000000,0.00000000,0.00000168,0.00000000
1176.650000,101325.000000,0.75711218,0.24271870,0.00016750,0.00000000,0.00000001,0.00000000,0.00000000,0.00000000,0.00000000,0.00000161,0.00000000
1186.500000,101325.000000,0.75710569,0.24271115,0.00018172,0.00000000,0.00000001,0.00000000,0.00000000,0.00000000,0.00000000,0.00000142,0.00000000
1196.350000,101325.000000,0.75709887,0.24270331,0.00019647,0.00000000,0.00000002,0.00000000,0.00000000,0.00000000,0.00000000,0.00000133,0.00000000
1206.200000,101325.000000,0.75709164,0.24269501,0.00021206,0.00000000,0.00000002,0.00000000,0.00000000,0.00000000,0.00000000,0.00000128,0.00000000
1216.050000,101325.000000,0.75708397,0.24268621,0.00022857,0.00000000,0.00000002,0.00000000,0.00000000,0.00000000,0.00000000,0.00000123,0.00000000
1225.900000,101325.000000,0.75707584,0.24267689,0.00024607,0.00000000,0.00000002,0.00000000,0.00000000,0.00000000,0.00000000,0.00000118,0.00000000
1235.750000,101325.000000,0.75706707,0.24266674,0.00026516,0.00000000,0.00000003,0.00000000,0.00000000,0.00000000,0.00000000,0.00000100,0.00000000
1245.600000,101325.000000,0.75705810,0.24265655,0.00028425,0.00000000,0.00000003,0.00000000,0.00000000,0.00000000,0.00000000,0.00000107,0.00000000
1255.450000,101325.000000,0.75704832,0.24264526,0.00030547,0.00000000,0.00000003,0.00000000,0.00000000,0.00000000,0.00000000,0.00000091,0.00000000
1265.300000,101325.000000,0.75703812,0.24263356,0.00032741,0.00000000,0.00000004,0.00000000,0.00000000,0.00000000,0.00000000,0.00000087,0.00000000
1275.150000,101325.000000,0.75702739,0.24262128,0.00035045,0.00000000,0.00000004,0.00000000,0.00000000,0.00000000,0.00000000,0.00000084,0.00000000
1285.000000,101325.000000,0.75701610,0.24260834,0.00037471,0.00000000,0.00000005,0.00000000,0.00000000,0.00000000,0.00000000,0.00000080,0.00000000
1294.850000,101325.000000,0.75700422,0.24259474,0.00040022,0.00000000,0.00000006,0.00000000,0.00000000,0.00000000,0.00000000,0.00000076,0.00000000
1304.700000,101325.000000,0.75699173,0.24258044,0.00042704,0.00000000,0.00000007,0.00000000,0.00000000,0.00000000,0.00000000,0.00000073,0.00000000
1314.550000,101325.000000,0.75697862,0.24256542,0.00045520,0.00000000,0.00000008,0.00000000,0.00000000,0.00000000,0.00000000,0.00000069,0.00000000
1324.400000,101325.000000,0.75696486,0.24254966,0.00048474,0.00000000,0.00000009,0.00000000,0.00000000,0.00000000,0.00000000,0.00000065,0.00000000
1334.250000,101325.000000,0.75695043,0.24253314,0.00051572,0.00000000,0.00000010,0.00000000,0.00000000,0.00000000,0.00000000,0.00000062,0.00000000
1344.100000,101325.000000,0.75693531,0.24251583,0.00054816,0.00000000,0.00000012,0.00000000,0.00000000,0.00000000,0.00000000,0.00000058,0.00000000
1353.950000,101325.000000,0.75691949,0.24249772,0.00058211,0.00000000,0.00000013,0.00000000,0.00000000,0.00000000,0.00000000,0.00000055,0.00000000
1363.800000,101325.000000,0.75690295,0.24247877,0.00061762,0.00000000,0.00000015,0.00000000,0.00000000,0.00000000,0.00000000,0.00000051,0.00000000
1373.650000,101325.000000,0.75688604,0.24245949,0.00065368,0.00000000,0.00000018,0.00000000,0.00000000,0.00000000,0.00000000,0.00000061,0.00000000
1383.500000,101325.000000,0.75686804,0.24243889,0.00069228,0.00000000,0.00000021,0.00000000,0.00000000,0.00000000,0.00000000,0.00000058,0.00000000
1393.350000,101325.000000,0.75684922,0.24241733,0.00073266,0.00000000,0.00000024,0.00000000,0.00000000,0.00000000,0.00000000,0.00000054,0.00000000
1403.200000,101325.000000,0.75682959,0.24239485,0.00077478,0.00000000,0.00000027,0.00000000,0.00000000,0.00000000,0.00000000,0.00000051,0.00000000
1413.050000,101325.000000,0.75680913,0.24237142,0.00081866,0.00000000,0.00000031,0.00000000,0.00000000,0.00000000,0.00000000,0.00000047,0.00000000
1422.900000,101325.000000,0.75678783,0.24234702,0.00086436,0.00000000,0.00000036,0.00000000,0.00000000,0.00000000,0.00000000,0.00000044,0.00000000
1432.750000,101325.000000,0.75676567,0.24232162,0.00091190,0.00000000,0.00000041,0.00000000,0.00000000,0.00000000,0.00000000,0.00000040,0.00000000
1442.600000,101325.000000,0.75674261,0.24229521,0.00096134,0.00000000,0.00000047,0.00000000,0.00000000,0.00000000,0.00000000,0.00000037,0.00000000
1452.450000,101325.000000,0.75671866,0.24226775,0.00101271,0.00000000,0.00000054,0.00000000,0.00000000,0.00000000,0.00000000,0.00000034,0.00000000
1462.300000,101325.000000,0.75669378,0.24223924,0.00106606,0.00000000,0.00000061,0.00000000,0.00000000,0.00000000,0.00000000,0.00000030,0.00000000
1472.150000,101325.000000,0.75666854,0.24221038,0.00111996,0.00000000,0.00000070,0.00000000,0.00000000,0.00000000,0.00000000,0.00000041,0.00000000
1482.000000,101325.000000,0.75664181,0.24217973,0.00117728,0.00000000,0.00000081,0.00000000,0.00000000,0.00000000,0.00000000,0.00000038,0.00000000
1491.850000,101325.000000,0.75661405,0.24214789,0.00123679,0.00000000,0.00000093,0.00000000,0.00000000,0.00000000,0.00000000,0.00000035,0.00000000
1501.700000,101325.000000,0.75658529,0.24211489,0.00129844,0.00000000,0.00000106,0.00000000,0.00000000,0.00000000,0.00000000,0.00000031,0.00000000
1511.550000,101325.000000,0.75655551,0.24208071,0.00136228,0.00000000,0.00000121,0.00000000,0.00000000,0.00000000,0.00000000,0.00000028,0.00000000
1521.400000,101325.000000,0.75652470,0.24204532,0.00142835,0.00000000,0.00000138,0.00000000,0.00000000,0.00000000,0.00000000,0.00000025,0.00000000
1531.250000,101325.000000,0.75649282,0.24200871,0.00149667,0.00000000,0.00000158,0.00000000,0.00000000,0.00000000,0.00000000,0.00000022,0.00000000
1541.100000,101325.000000,0.75645988,0.24197085,0.00156728,0.00000000,0.00000179,0.00000000,0.00000000,0.00000000,0.00000000,0.00000019,0.00000000
1550.950000,101325.000000,0.75642658,0.24193264,0.00163846,0.00000000,0.00000203,0.00000000,0.00000000,0.00000000,0.00000000,0.00000030,0.00000000
1560.800000,101325.000000,0.75639146,0.24189224,0.00171374,0.00000000,0.00000230,0.00000000,0.00000000,0.00000000,0.00000000,0.00000027,0.00000000
1570.650000,101325.000000,0.75635517,0.24185048,0.00179151,0.00000000,0.00000260,0.00000000,0.00000000,0.00000000,0.00000000,0.00000024,0.00000000
1580.500000,101325.000000,0.75631774,0.24180738,0.00187173,0.00000000,0.00000294,0.00000000,0.00000000,0.00000000,0.00000000,0.00000021,0.00000000
1590.350000,101325.000000,0.75627915,0.24176291,0.00195445,0.00000000,0.00000331,0.00000000,0.00000000,0.00000000,0.00000000,0.00000018,0.00000000
1600.200000,101325.000000,0.75623938,0.24171705,0.00203969,0.00000000,0.00000373,0.00000000,0.00000000,0.00000000,0.00000000,0.00000016,0.00000000
1610.050000,101325.000000,0.75619841,0.24166978,0.00212748,0.00000000,0.00000420,0.00000000,0.00000000,0.00000000,0.00000000,0.00000013,0.00000000
1619.900000,101325.000000,0.75615707,0.24162211,0.00221589,0.00000000,0.00000470,0.00000000,0.00000000,0.00000000,0.00000000,0.00000024,0.00000000
1629.750000,101325.000000,0.75611365,0.24157194,0.00230893,0.00000000,0.00000527,0.00000000,0.00000000,0.00000000,0.00000000,0.00000021,0.00000000
1639.600000,101325.000000,0.75606896,0.24152025,0.00240470,0.00000000,0.00000590,0.00000000,0.00000000,0.00000000,0.00000000,0.00000018,0.00000000
1649.450000,101325.000000,0.75602301,0.24146705,0.00250318,0.00000000,0.00000660,0.00000000,0.00000000,0.00000000,0.00000000,0.00000016,0.00000000
1659.300000,101325.000000,0.75597578,0.24141233,0.00260439,0.00000000,0.00000737,0.00000000,0.00000000,0.00000000,0.00000000,0.00000013,0.00000000
1669.150000,101325.000000,0.75592726,0.24135605,0.00270836,0.00000000,0.00000822,0.00000000,0.00000000,0.00000000,0.00000000,0.00000011,0.00000000
1679.000000,101325.000000,0.75587745,0.24129820,0.00281510,0.00000000,0.00000916,0.00000000,0.00000000,0.00000000,0.00000000,0.00000009,0.00000000
1688.850000,101325.000000,0.75582718,0.24123984,0.00292262,0.00000000,0.00001017,0.00000000,0.00000000,0.00000000,0.00000000,0.00000019,0.00000000
1698.700000,101325.000000,0.75577465,0.24117870,0.00303518,0.00000000,0.00001130,0.00000000,0.00000000,0.00000000,0.00000000,0.00000016,0.00000000
1708.550000,101325.000000,0.75572076,0.24111589,0.00315067,0.00000000,0.00001254,0.00000000,0.00000000,0.00000000,0.00000000,0.00000014,0.00000000
1718.400000,101325.000000,0.75566549,0.24105140,0.00326909,0.00000000,0.00001391,0.00000000,0.00000000,0.00000000,0.00000000,0.00000012,0.00000000
1728.250000,101325.000000,0.75560886,0.24098521,0.00339044,0.00000000,0.00001540,0.00000000,0.00000000,0.00000000,0.00000000,0.00000010,0.00000000
1738.100000,101325.000000,0.75555084,0.24091730,0.00351475,0.00000000,0.00001702,0.00000000,0.00000000,0.00000000,0.00000000,0.00000008,0.00000000
1747.950000,101325.000000,0.75549153,0.24084778,0.00364182,0.00000000,0.00001880,0.00000000,0.00000000,0.00000000,0.00000000,0.00000007,0.00000000
1757.800000,101325.000000,0.75543145,0.24077730,0.00377038,0.00000000,0.00002072,0.00000000,0.00000000,0.00000000,0.00000000,0.00000016,0.00000000
1767.650000,101325.000000,0.75536909,0.24070395,0.00390400,0.00000000,0.00002283,0.00000000,0.00000000,0.00000000,0.00000000,0.00000013,0.00000000
1777.500000,101325.000000,0.75530528,0.24062874,0.00404073,0.00000000,0.00002514,0.00000000,0.00000000,0.00000000,0.00000000,0.00000011,0.00000000
1787.350000,101325.000000,0.75524002,0.24055168,0.00418056,0.00000000,0.00002765,0.00000000,0.00000000,0.00000000,0.00000000,0.00000009,0.00000000
1797.200000,101325.000000,0.75517334,0.24047279,0.00432342,0.00000000,0.00003038,0.00000000,0.00000000,0.00000000,0.00000000,0.00000007,0.00000000
1807.050000,101325.000000,0.75510528,0.24039210,0.00446923,0.00000000,0.00003333,0.00000000,0.00000000,0.00000000,0.00000000,0.00000007,0.00000000
1816.900000,101325.000000,0.75503571,0.24030944,0.00461826,0.00000000,0.00003653,0.00000000,0.00000000,0.00000000,0.00000000,0.00000006,0.00000000
1826.750000,101325.000000,0.75496510,0.24022539,0.00476939,0.00000000,0.00003998,0.00000000,0.00000000,0.00000000,0.00000000,0.00000013,0.00000000
1836.600000,101325.000000,0.75489229,0.24013845,0.00492540,0.00000000,0.00004375,0.00000000,0.00000000,0.00000000,0.00000000,0.00000011,0.00000000
1846.450000,101325.000000,0.75481796,0.24004946,0.00508465,0.00000000,0.00004783,0.00000000,0.00000000,0.00000000,0.00000000,0.00000009,0.00000000
1856.300000,101325.000000,0.75474217,0.23995848,0.00524703,0.00000000,0.00005224,0.00000000,0.00000000,0.00000000,0.00000000,0.00000008,0.00000000
1866.150000,101325.000000,0.75466493,0.23986551,0.00541250,0.00000000,0.00005698,0.00000000,0.00000000,0.00000000,0.00000000,0.00000007,0.00000000
1876.000000,101325.000000,0.75458613,0.23977038,0.00558132,0.00000000,0.00006211,0.00000000,0.00000000,0.00000000,0.00000000,0.00000006,0.00000000
1885.850000,101325.000000,0.75450575,0.23967305,0.00575351,0.00000000,0.00006763,0.00000000,0.00000000,0.00000000,0.00000000,0.00000005,0.00000000
1895.700000,101325.000000,0.75442380,0.23957349,0.00592909,0.00000000,0.00007358,0.00000000,0.00000000,0.00000000,0.00000000,0.00000004,0.00000000
1905.550000,101325.000000,0.75434038,0.23947186,0.00610768,0.00000000,0.00007997,0.00000000,0.00000000,0.00000000,0.00000000,0.00000010,0.00000000
1915.400000,101325.000000,0.75425506,0.23936751,0.00629047,0.00000000,0.00008687,0.00000000,0.00000000,0.00000000,0.00000000,0.00000008,0.00000000
1925.250000,101325.000000,0.75416832,0.23926102,0.00647631,0.00000000,0.00009427,0.00000000,0.00000000,0.00000000,0.00000000,0.00000008,0.00000000
1935.100000,101325.000000,0.75407996,0.23915216,0.00666560,0.00000000,0.00010222,0.00000000,0.00000000,0.00000000,0.00000000,0.00000007,0.00000000
1944.950000,101325.000000,0.75398998,0.23904086,0.00685836,0.00000000,0.00011074,0.00000000,0.00000000,0.00000000,0.00000000,0.00000006,0.00000000
1954.800000,101325.000000,0.75389838,0.23892710,0.00705459,0.00000000,0.00011988,0.00000000,0.00000000,0.00000000,0.00000000,0.00000005,0.00000000
1964.650000,101325.000000,0.75380515,0.23881083,0.00725431,0.00000000,0.00012967,0.00000000,0.00000000,0.00000000,0.00000000,0.00000004,0.00000000
1974.500000,101325.000000,0.75371036,0.23869213,0.00745728,0.00000000,0.00014013,0.00000000,0.00000000,0.00000000,0.00000000,0.00000010,0.00000000
1984.350000,101325.000000,0.75361374,0.23857055,0.00766427,0.00000000,0.00015135,0.00000000,0.00000000,0.00000000,0.00000000,0.00000009,0.00000000
1994.200000,101325.000000,0.75351559,0.23844647,0.00787453,0.00000000,0.00016333,0.00000000,0.00000000,0.00000000,0.00000000,0.00000008,0.00000000
2004.050000,101325.000000,0.75341579,0.23831969,0.00808832,0.00000000,0.00017613,0.00000000,0.00000000,0.00000000,0.00000000,0.00000007,0.00000000
2013.900000,101325.000000,0.75331435,0.23819016,0.00830565,0.00000000,0.00018978,0.00000000,0.00000000,0.00000000,0.00000000,0.00000006,0.00000000
2023.750000,101325.000000,0.75321125,0.23805784,0.00852652,0.00000000,0.00020435,0.00000000,0.00000000,0.00000000,0.00000000,0.00000005,0.00000000
2033.600000,101325.000000,0.75310649,0.23792266,0.00875094,0.00000000,0.00021987,0.00000000,0.00000000,0.00000000,0.00000000,0.00000005,0.00000000
2043.450000,101325.000000,0.75300007,0.23778457,0.00897891,0.00000000,0.00023641,0.00000000,0.00000000,0.00000000,0.00000000,0.00000004,0.00000000
2053.300000,101325.000000,0.75289194,0.23764350,0.00921045,0.00000000,0.00025402,0.00000000,0.00000000,0.00000000,0.00000000,0.00000009,0.00000000
2063.150000,101325.000000,0.75278220,0.23749943,0.00944555,0.00000000,0.00027274,0.00000000,0.00000000,0.00000000,0.00000000,0.00000008,0.00000000
2073.000000,101325.000000,0.75267079,0.23735228,0.00968421,0.00000000,0.00029265,0.00000000,0.00000000,0.00000000,0.00000000,0.00000007,0.00000000
2082.850000,101325.000000,0.75255772,0.23720198,0.00992644,0.00000000,0.00031380,0.00000000,0.00000000,0.00000000,0.00000000,0.00000007,0.00000000
2092.700000,101325.000000,0.75244298,0.23704847,0.01017223,0.00000000,0.00033626,0.00000000,0.00000000,0.00000000,0.00000000,0.00000006,0.00000000
2102.550000,101325.000000,0.75232658,0.23689169,0.01042159,0.00000000,0.00036009,0.00000000,0.00000000,0.00000000,0.00000000,0.00000005,0.00000000
2112.400000,101325.000000,0.75220851,0.23673157,0.01067452,0.00000000,0.00038536,0.00000000,0.00000000,0.00000000,0.00000000,0.00000004,0.00000000
2122.250000,101325.000000,0.75208878,0.23656804,0.01093100,0.00000000,0.00041214,0.00000000,0.00000000,0.00000000,0.00000000,0.00000004,0.00000000
2132.100000,101325.000000,0.75196739,0.23640102,0.01119105,0.00000000,0.00044051,0.00000000,0.00000000,0.00000000,0.00000000,0.00000003,0.00000000
2141.950000,101325.000000,0.75184430,0.23623044,0.01145464,0.00000000,0.00047054,0.00000000,0.00000000,0.00000000,0.00000000,0.00000008,0.00000000
2151.800000,101325.000000,0.75171959,0.23605624,0.01172178,0.00000000,0.00050231,0.00000000,0.00000000,0.00000000,0.00000000,0.00000008,0.00000000
2161.650000,101325.000000,0.75159324,0.23587832,0.01199247,0.00000000,0.00053590,0.00000000,0.00000000,0.00000000,0.00000000,0.00000007,0.00000000
2171.500000,101325.000000,0.75146523,0.23569662,0.01226669,0.00000000,0.00057140,0.00000000,0.00000000,0.00000000,0.00000000,0.00000006,0.00000000
2181.350000,101325.000000,0.75133558,0.23551104,0.01254443,0.00000000,0.00060889,0.00000000,0.00000000,0.00000000,0.00000000,0.00000005,0.00000000
2191.200000,101325.000000,0.75120428,0.23532150,0.01282569,0.00000000,0.00064847,0.00000000,0.00000000,0.00000000,0.00000000,0.00000005,0.00000000
2201.050000,101325.000000,0.75107135,0.23512792,0.01311045,0.00000001,0.00069023,0.00000000,0.00000000,0.00000000,0.00000000,0.00000004,0.00000000
2210.900000,101325.000000,0.75093679,0.23493020,0.01339871,0.00000001,0.00073426,0.00000000,0.00000000,0.00000000,0.00000000,0.00000004,0.00000000
2220.750000,101325.000000,0.75080060,0.23472824,0.01369044,0.00000001,0.00078067,0.00000000,0.00000000,0.00000000,0.00000000,0.00000003,0.00000000
2230.600000,101325.000000,0.75066279,0.23452197,0.01398565,0.00000001,0.00082956,0.00000000,0.00000000,0.00000000,0.00000000,0.00000003,0.00000000
2240.450000,101325.000000,0.75052338,0.23431127,0.01428430,0.00000001,0.00088102,0.00000000,0.00000000,0.00000000,0.00000000,0.00000003,0.00000000
2250.300000,101325.000000,0.75038232,0.23409603,0.01458638,0.00000001,0.00093518,0.00000000,0.00000000,0.00000000,0.00000000,0.00000007,0.00000000
2260.150000,101325.000000,0.75023971,0.23387618,0.01489189,0.00000001,0.00099215,0.00000000,0.00000000,0.00000000,0.00000000,0.00000006,0.00000000
2270.000000,101325.000000,0.75009551,0.23365160,0.01520079,0.00000001,0.00105203,0.00000000,0.00000000,0.00000000,0.00000000,0.00000006,0.00000000
2279.850000,101325.000000,0.74994973,0.23342218,0.01551308,0.00000001,0.00111496,0.00000000,0.00000000,0.00000000,0.00000000,0.00000005,0.00000000
2289.700000,101325.000000,0.74980238,0.23318780,0.01582872,0.00000001,0.00118104,0.00000000,0.00000000,0.00000000,0.00000000,0.00000004,0.00000000
2299.550000,101325.000000,0.74965347,0.23294836,0.01614770,0.00000002,0.00125042,0.00000000,0.00000000,0.00000000,0.00000000,0.00000004,0.00000000
2309.400000,101325.000000,0.74950302,0.23270373,0.01646999,0.00000002,0.00132320,0.00000000,0.00000000,0.00000000,0.00000000,0.00000004,0.00000000
2319.250000,101325.000000,0.74935103,0.23245380,0.01679558,0.00000002,0.00139954,0.00000000,0.00000000,0.00000000,0.00000000,0.00000003,0.00000000
2329.100000,101325.000000,0.74919751,0.23219845,0.01712443,0.00000002,0.00147956,0.00000000,0.00000000,0.00000000,0.00000000,0.00000003,0.00000000
2338.950000,101325.000000,0.74904248,0.23193754,0.01745651,0.00000003,0.00156341,0.00000000,0.00000000,0.00000000,0.00000000,0.00000003,0.00000000
2348.800000,101325.000000,0.74888595,0.23167096,0.01779181,0.00000003,0.00165123,0.00000000,0.00000000,0.00000000,0.00000000,0.00000003,0.00000000
2358.650000,101325.000000,0.74872794,0.23139856,0.01813029,0.00000003,0.00174316,0.00000000,0.00000000,0.00000000,0.00000000,0.00000002,0.00000000
2368.500000,101325.000000,0.74856843,0.23112021,0.01847191,0.00000003,0.00183935,0.00000000,0.00000000,0.00000000,0.00000000,0.00000006,0.00000000
2378.350000,101325.000000,0.74840750,0.23083579,0.01881666,0.00000004,0.00193997,0.00000000,0.00000000,0.00000000,0.00000000,0.00000005,0.00000000
2388.200000,101325.000000,0.74824512,0.23054514,0.01916449,0.00000004,0.00204516,0.00000000,0.00000000,0.00000000,0.00000000,0.00000005,0.00000000
2398.050000,101325.000000,0.74808131,0.23024813,0.01951538,0.00000005,0.00215509,0.00000000,0.00000000,0.00000000,0.00000000,0.00000004,0.00000000
2407.900000,101325.000000,0.74791610,0.22994461,0.01986928,0.00000005,0.00226992,0.00000000,0.00000000,0.00000000,0.00000000,0.00000004,0.00000000
2417.750000,101325.000000,0.74774949,0.22963443,0.02022616,0.00000006,0.00238982,0.00000000,0.00000000,0.00000000,0.00000000,0.00000004,0.00000000
2427.600000,101325.000000,0.74758152,0.22931744,0.02058597,0.00000006,0.00251497,0.00000000,0.00000000,0.00000000,0.00000000,0.00000003,0.00000000
2437.450000,101325.000000,0.74741218,0.22899348,0.02094869,0.00000007,0.00264554,0.00000000,0.00000000,0.00000000,0.00000000,0.00000003,0.00000000
2447.300000,101325.000000,0.74724152,0.22866240,0.02131427,0.00000008,0.00278171,0.00000000,0.00000000,0.00000000,0.00000000,0.00000003,0.00000000
2457.150000,101325.000000,0.74706953,0.22832403,0.02168266,0.00000008,0.00292366,0.00000000,0.00000000,0.00000000,0.00000000,0.00000003,0.00000000
2467.000000,101325.000000,0.74689626,0.22797822,0.02205383,0.00000009,0.00307158,0.00000000,0.00000000,0.00000000,0.00000000,0.00000002,0.00000000
2476.850000,101325.000000,0.74672171,0.22762480,0.02242772,0.00000010,0.00322566,0.00000000,0.00000000,0.00000000,0.00000000,0.00000002,0.00000000
2486.700000,101325.000000,0.74654588,0.22726358,0.02280429,0.00000011,0.00338609,0.00000000,0.00000000,0.00000000,0.00000000,0.00000005,0.00000000
2496.550000,101325.000000,0.74636885,0.22689442,0.02318349,0.00000012,0.00355308,0.00000000,0.00000000,0.00000000,0.00000000,0.00000005,0.00000000
2506.400000,101325.000000,0.74619061,0.22651713,0.02356527,0.00000013,0.00372682,0.00000000,0.00000000,0.00000000,0.00000000,0.00000004,0.00000000
2516.250000,101325.000000,0.74601119,0.22613154,0.02394957,0.00000014,0.00390751,0.00000000,0.00000000,0.00000000,0.00000000,0.00000004,0.00000000
2526.100000,101325.000000,0.74583062,0.22573746,0.02433636,0.00000016,0.00409537,0.00000000,0.00000000,0.00000000,0.00000000,0.00000004,0.00000000
2535.950000,101325.000000,0.74564892,0.22533471,0.02472556,0.00000017,0.00429060,0.00000000,0.00000000,0.00000000,0.00000000,0.00000004,0.00000000
2545.800000,101325.000000,0.74546611,0.22492312,0.02511712,0.00000019,0.00449343,0.00000000,0.00000000,0.00000000,0.00000000,0.00000003,0.00000000
2555.650000,101325.000000,0.74528222,0.22450249,0.02551099,0.00000020,0.00470406,0.00000000,0.00000000,0.00000000,0.00000000,0.00000003,0.00000000
2565.500000,101325.000000,0.74509728,0.22407264,0.02590710,0.00000022,0.00492272,0.00000000,0.00000000,0.00000000,0.00000000,0.00000003,0.00000000
2575.350000,101325.000000,0.74491133,0.22363336,0.02630540,0.00000024,0.00514964,0.00000000,0.00000000,0.00000000,0.00000000,0.00000003,0.00000000
2585.200000,101325.000000,0.74472438,0.22318448,0.02670581,0.00000026,0.00538504,0.00000000,0.00000000,0.00000000,0.00000000,0.00000002,0.00000000
2595.050000,101325.000000,0.74453647,0.22272579,0.02710828,0.00000029,0.00562915,0.00000000,0.00000000,0.00000000,0.00000000,0.00000002,0.00000000
2604.900000,101325.000000,0.74434761,0.22225709,0.02751274,0.00000031,0.00588220,0.00000000,0.00000000,0.00000000,0.00000000,0.00000005,0.00000000
2614.750000,101325.000000,0.74415788,0.22177819,0.02791911,0.00000034,0.00614443,0.00000000,0.00000000,0.00000000,0.00000000,0.00000005,0.00000000
2624.600000,101325.000000,0.74396728,0.22128889,0.02832733,0.00000037,0.00641608,0.00000000,0.00000000,0.00000000,0.00000000,0.00000005,0.00000000
2634.450000,101325.000000,0.74377585,0.22078899,0.02873733,0.00000040,0.00669739,0.00000000,0.00000000,0.00000000,0.00000000,0.00000004,0.00000000
2644.300000,101325.000000,0.74358362,0.22027827,0.02914902,0.00000044,0.00698861,0.00000000,0.00000000,0.00000000,0.00000000,0.00000004,0.00000000
2654.150000,101325.000000,0.74339063,0.21975654,0.02956234,0.00000047,0.00728997,0.00000000,0.00000000,0.00000000,0.00000000,0.00000004,0.00000000
2664.000000,101325.000000,0.74319692,0.21922359,0.02997721,0.00000051,0.00760174,0.00000000,0.00000000,0.00000000,0.00000000,0.00000003,0.00000000
2673.850000,101325.000000,0.74300252,0.21867920,0.03039354,0.00000056,0.00792415,0.00000000,0.00000000,0.00000000,0.00000000,0.00000003,0.00000000
2683.700000,101325.000000,0.74280746,0.21812318,0.03081126,0.00000060,0.00825746,0.00000000,0.00000000,0.00000000,0.00000000,0.00000003,0.00000000
2693.550000,101325.000000,0.74261180,0.21755531,0.03123028,0.00000065,0.00860193,0.00000000,0.00000000,0.00000000,0.00000000,0.00000003,0.00000000
2703.400000,101325.000000,0.74241557,0.21697538,0.03165052,0.00000071,0.00895780,0.00000000,0.00000000,0.00000000,0.00000000,0.00000003,0.00000000
2713.250000,101325.000000,0.74221880,0.21638319,0.03207188,0.00000076,0.00932535,0.00000000,0.00000000,0.00000000,0.00000000,0.00000002,0.00000000
2723.100000,101325.000000,0.74202152,0.21577850,0.03249428,0.00000082,0.00970481,0.00000000,0.00000000,0.00000000,0.00000000,0.00000006,0.00000000
2732.950000,101325.000000,0.74182383,0.21516114,0.03291762,0.00000089,0.01009647,0.00000000,0.00000000,0.00000000,0.00000000,0.00000005,0.00000000
2742.800000,101325.000000,0.74162572,0.21453088,0.03334182,0.00000096,0.01050057,0.00000000,0.00000000,0.00000000,0.00000000,0.00000005,0.00000000
2752.650000,101325.000000,0.74142726,0.21388751,0.03376678,0.00000104,0.01091737,0.00000000,0.00000000,0.00000000,0.00000000,0.00000005,0.00000000
2762.500000,101325.000000,0.74122849,0.21323082,0.03419239,0.00000112,0.01134714,0.00000000,0.00000000,0.00000000,0.00000000,0.00000005,0.00000000
2772.350000,101325.000000,0.74102945,0.21256060,0.03461856,0.00000120,0.01179015,0.00000000,0.00000000,0.00000000,0.00000000,0.00000004,0.00000000
2782.200000,101325.000000,0.74083019,0.21187665,0.03504519,0.00000130,0.01224664,0.00000000,0.00000000,0.00000000,0.00000000,0.00000004,0.00000000
2792.050000,101325.000000,0.74063076,0.21117875,0.03547217,0.00000139,0.01271688,0.00000000,0.00000000,0.00000000,0.00000000,0.00000004,0.00000000
2801.900000,101325.000000,0.74043121,0.21046672,0.03589940,0.00000150,0.01320114,0.00000000,0.00000000,0.00000000,0.00000000,0.00000003,0.00000000
2811.750000,101325.000000,0.74023158,0.20974033,0.03632676,0.00000161,0.01369967,0.00000000,0.00000000,0.00000000,0.00000000,0.00000003,0.00000000
2821.600000,101325.000000,0.74003194,0.20899940,0.03675416,0.00000173,0.01421274,0.00000000,0.00000000,0.00000000,0.00000000,0.00000003,0.00000000
2831.450000,101325.000000,0.73983232,0.20824373,0.03718146,0.00000186,0.01474060,0.00000000,0.00000000,0.00000000,0.00000000,0.00000003,0.00000000
2841.300000,101325.000000,0.73963279,0.20747311,0.03760857,0.00000200,0.01528350,0.00000000,0.00000000,0.00000000,0.00000000,0.00000003,0.00000000
2851.150000,101325.000000,0.73943337,0.20668735,0.03803537,0.00000215,0.01584170,0.00000000,0.00000000,0.00000000,0.00000000,0.00000006,0.00000000
2861.000000,101325.000000,0.73923417,0.20588628,0.03846173,0.00000230,0.01641546,0.00000000,0.00000000,0.00000000,0.00000000,0.00000006,0.00000000
2870.850000,101325.000000,0.73903522,0.20506970,0.03888753,0.00000247,0.01700503,0.00000000,0.00000000,0.00000000,0.00000000,0.00000006,0.00000000
2880.700000,101325.000000,0.73883658,0.20423743,0.03931266,0.00000264,0.01761064,0.00000000,0.00000000,0.00000000,0.00000000,0.00000005,0.00000000
2890.550000,101325.000000,0.73863829,0.20338930,0.03973698,0.00000283,0.01823255,0.00000000,0.00000000,0.00000000,0.00000000,0.00000005,0.00000000
2900.400000,101325.000000,0.73844043,0.20252512,0.04016037,0.00000303,0.01887099,0.00000000,0.00000000,0.00000000,0.00000000,0.00000005,0.00000000
2910.250000,101325.000000,0.73824306,0.20164474,0.04058271,0.00000324,0.01952620,0.00000000,0.00000000,0.00000000,0.00000000,0.00000005,0.00000000
2920.100000,101325.000000,0.73804622,0.20074799,0.04100385,0.00000347,0.02019842,0.00000000,0.00000000,0.00000000,0.00000000,0.00000004,0.00000000
2929.950000,101325.000000,0.73784999,0.19983472,0.04142367,0.00000371,0.02088787,0.00000000,0.00000000,0.00000000,0.00000000,0.00000004,0.00000000
2939.800000,101325.000000,0.73765442,0.19890478,0.04184204,0.00000397,0.02159477,0.00000000,0.00000000,0.00000000,0.00000000,0.00000004,0.00000000
2949.650000,101325.000000,0.73745958,0.19795801,0.04225880,0.00000424,0.02231933,0.00000000,0.00000000,0.00000000,0.00000000,0.00000004,0.00000000
