T [K],Y(N2),Y(O2),Y(NO),Y(N),Y(O)
300.00000000,0.75720000,0.24280000,0.00000000,0.00000000,0.00000000
309.85492746,0.75720000,0.24280000,0.00000000,0.00000000,0.00000000
319.70985493,0.75720000,0.24280000,0.00000000,0.00000000,0.00000000
329.56478239,0.75720000,0.24280000,0.00000000,0.00000000,0.00000000
339.41970985,0.75720000,0.24280000,0.00000000,0.00000000,0.00000000
349.27463732,0.75720000,0.24280000,0.00000000,0.00000000,0.00000000
359.12956478,0.75720000,0.24280000,0.00000000,0.00000000,0.00000000
368.98449225,0.75720000,0.24280000,0.00000000,0.00000000,0.00000000
378.83941971,0.75720000,0.24280000,0.00000000,0.00000000,0.00000000
388.69434717,0.75720000,0.24280000,0.00000000,0.00000000,0.00000000
398.54927464,0.75720000,0.24280000,0.00000000,0.00000000,0.00000000
408.40420210,0.75720000,0.24280000,0.00000000,0.00000000,0.00000000
418.25912956,0.75720000,0.24280000,0.00000000,0.00000000,0.00000000
428.11405703,0.75720000,0.24280000,0.00000000,0.00000000,0.00000000
437.96898449,0.75720000,0.24280000,0.00000000,0.00000000,0.00000000
447.82391196,0.75720000,0.24280000,0.00000000,0.00000000,0.00000000
457.67883942,0.75720000,0.24280000,0.00000000,0.00000000,0.00000000
467.53376688,0.75720000,0.24280000,0.00000000,0.00000000,0.00000000
477.38869435,0.75720000,0.24280000,0.00000000,0.00000000,0.00000000
487.24362181,0.75720000,0.24280000,0.00000000,0.00000000,0.00000000
497.09854927,0.75720000,0.24280000,0.00000000,0.00000000,0.00000000
506.95347674,0.75720000,0.24280000,0.00000000,0.00000000,0.00000000
516.80840420,0.75720000,0.24280000,0.00000000,0.00000000,0.00000000
526.66333167,0.75720000,0.24280000,0.00000000,0.00000000,0.00000000
536.51825913,0.75720000,0.24280000,0.00000000,0.00000000,0.00000000
546.37318659,0.75720000,0.24280000,0.00000000,0.00000000,0.00000000
556.22811406,0.75720000,0.24280000,0.00000001,0.00000000,0.00000000
566.08304152,0.75720000,0.24280000,0.00000001,0.00000000,0.00000000
575.93796898,0.75720000,0.24279999,0.00000001,0.00000000,0.00000000
585.79289645,0.75719999,0.24279999,0.00000001,0.00000000,0.00000000
595.64782391,0.75719999,0.24279999,0.00000002,0.00000000,0.00000000
605.50275138,0.75719999,0.24279999,0.00000003,0.00000000,0.00000000
615.35767884,0.75719998,0.24279998,0.00000003,0.00000000,0.00000000
625.21260630,0.75719998,0.24279998,0.00000005,0.00000000,0.00000000
635.06753377,0.75719997,0.24279997,0.00000006,0.00000000,0.00000000
644.92246123,0.75719996,0.24279996,0.00000008,0.00000000,0.00000000
654.77738869,0.75719995,0.24279995,0.00000010,0.00000000,0.00000000
664.63231616,0.75719994,0.24279993,0.00000013,0.00000000,0.00000000
674.48724362,0.75719992,0.24279991,0.00000016,0.00000000,0.00000000
684.34217109,0.75719990,0.24279989,0.00000021,0.00000000,0.00000000
694.19709855,0.75719988,0.24279986,0.00000026,0.00000000,0.00000000
704.05202601,0.75719985,0.24279983,0.00000033,0.00000000,0.00000000
713.90695348,0.75719981,0.24279978,0.00000040,0.00000000,0.00000000
723.76188094,0.75719977,0.24279973,0.00000050,0.00000000,0.00000000
733.61680840,0.75719971,0.24279967,0.00000061,0.00000000,0.00000000
743.47173587,0.75719965,0.24279960,0.00000075,0.00000000,0.00000000
753.32666333,0.75719958,0.24279952,0.00000090,0.00000000,0.00000000
763.18159080,0.75719949,0.24279942,0.00000109,0.00000000,0.00000000
773.03651826,0.75719939,0.24279930,0.00000131,0.00000000,0.00000000
782.89144572,0.75719927,0.24279916,0.00000157,0.00000000,0.00000000
792.74637319,0.75719913,0.24279900,0.00000187,0.00000000,0.00000000
802.60130065,0.75719897,0.24279882,0.00000221,0.00000000,0.00000000
812.45622811,0.75719878,0.24279861,0.00000261,0.00000000,0.00000000
822.31115558,0.75719856,0.24279836,0.00000307,0.00000000,0.00000000
832.16608304,0.75719832,0.24279808,0.00000360,0.00000000,0.00000000
842.02101051,0.75719804,0.24279776,0.00000420,0.00000000,0.00000000
851.87593797,0.75719772,0.24279739,0.00000489,0.00000000,0.00000000
861.73086543,0.75719735,0.24279698,0.00000567,0.00000000,0.00000000
871.58579290,0.75719694,0.24279651,0.00000655,0.00000000,0.00000000
881.44072036,0.75719648,0.24279598,0.00000754,0.00000000,0.00000000
891.29564782,0.75719596,0.24279539,0.00000865,0.00000000,0.00000000
901.15057529,0.75719538,0.24279472,0.00000990,0.00000000,0.00000000
911.00550275,0.75719473,0.24279398,0.00001130,0.00000000,0.00000000
920.86043022,0.75719400,0.24279314,0.00001286,0.00000000,0.00000000
930.71535768,0.75719319,0.24279222,0.00001459,0.00000000,0.00000000
940.57028514,0.75719229,0.24279120,0.00001651,0.00000000,0.00000000
950.42521261,0.75719130,0.24279006,0.00001864,0.00000000,0.00000000
960.28014007,0.75719020,0.24278881,0.00002099,0.00000000,0.00000000
970.13506753,0.75718899,0.24278743,0.00002358,0.00000000,0.00000000
979.98999500,0.75718766,0.24278591,0.00002643,0.00000000,0.00000000
989.84492246,0.75718621,0.24278424,0.00002955,0.00000000,0.00000000
999.69984992,0.75718461,0.24278242,0.00003297,0.00000000,0.00000000
1009.55477739,0.75718288,0.24278045,0.00003666,0.00000000,0.00000000
1019.40970485,0.75718098,0.24277828,0.00004074,0.00000000,0.00000000
1029.26463232,0.75717892,0.24277592,0.00004517,0.00000000,0.00000000
1039.11955978,0.75717667,0.24277335,0.00004998,0.00000000,0.00000000
1048.97448724,0.75717423,0.24277056,0.00005521,0.00000000,0.00000000
1058.82941471,0.75717159,0.24276755,0.00006087,0.00000000,0.00000000
1068.68434217,0.75716873,0.24276428,0.00006698,0.00000000,0.00000000
1078.53926963,0.75716565,0.24276076,0.00007359,0.00000000,0.00000000
1088.39419710,0.75716233,0.24275697,0.00008070,0.00000000,0.00000000
1098.24912456,0.75715875,0.24275289,0.00008836,0.00000000,0.00000000
1108.10405203,0.75715491,0.24274850,0.00009659,0.00000000,0.00000000
1117.95897949,0.75715079,0.24274379,0.00010542,0.00000000,0.00000000
1127.81390695,0.75714637,0.24273874,0.00011488,0.00000000,0.00000000
1137.66883442,0.75714165,0.24273334,0.00012501,0.00000000,0.00000000
1147.52376188,0.75713660,0.24272758,0.00013583,0.00000000,0.00000000
1157.37868934,0.75713121,0.24272142,0.00014737,0.00000000,0.00000000
1167.23361681,0.75712546,0.24271485,0.00015968,0.00000000,0.00000000
1177.08854427,0.75711934,0.24270786,0.00017279,0.00000000,0.00000000
1186.94347174,0.75711284,0.24270043,0.00018672,0.00000000,0.00000000
1196.79839920,0.75710593,0.24269254,0.00020153,0.00000000,0.00000001
1206.65332666,0.75709860,0.24268416,0.00021723,0.00000000,0.00000001
1216.50825413,0.75709083,0.24267529,0.00023388,0.00000000,0.00000001
1226.36318159,0.75708260,0.24266589,0.00025150,0.00000000,0.00000001
1236.21810905,0.75707390,0.24265595,0.00027013,0.00000000,0.00000001
1246.07303652,0.75706471,0.24264545,0.00028982,0.00000000,0.00000002
1255.92796398,0.75705501,0.24263436,0.00031060,0.00000000,0.00000002
1265.78289145,0.75704478,0.24262268,0.00033251,0.00000000,0.00000002
1275.63781891,0.75703401,0.24261037,0.00035560,0.00000000,0.00000003
1285.49274637,0.75702267,0.24259741,0.00037989,0.00000000,0.00000003
1295.34767384,0.75701075,0.24258378,0.00040543,0.00000000,0.00000004
1305.20260130,0.75699822,0.24256946,0.00043227,0.00000000,0.00000005
1315.05752876,0.75698507,0.24255443,0.00046044,0.00000000,0.00000006
1324.91245623,0.75697128,0.24253867,0.00048998,0.00000000,0.00000007
1334.76738369,0.75695683,0.24252215,0.00052094,0.00000000,0.00000008
1344.62231116,0.75694169,0.24250485,0.00055336,0.00000000,0.00000010
1354.47723862,0.75692586,0.24248674,0.00058728,0.00000000,0.00000012
1364.33216608,0.75690931,0.24246782,0.00062274,0.00000000,0.00000014
1374.18709355,0.75689202,0.24244804,0.00065978,0.00000000,0.00000016
1384.04202101,0.75687396,0.24242739,0.00069845,0.00000000,0.00000019
1393.89694847,0.75685513,0.24240585,0.00073880,0.00000000,0.00000022
1403.75187594,0.75683550,0.24238339,0.00078085,0.00000000,0.00000026
1413.60680340,0.75681505,0.24235999,0.00082466,0.00000000,0.00000030
1423.46173087,0.75679376,0.24233562,0.00087027,0.00000000,0.00000035
1433.31665833,0.75677162,0.24231027,0.00091772,0.00000000,0.00000040
1443.17158579,0.75674859,0.24228390,0.00096704,0.00000000,0.00000047
1453.02651326,0.75672466,0.24225650,0.00101830,0.00000000,0.00000054
1462.88144072,0.75669982,0.24222804,0.00107152,0.00000000,0.00000062
1472.73636818,0.75667404,0.24219849,0.00112675,0.00000000,0.00000072
1482.59129565,0.75664730,0.24216784,0.00118404,0.00000000,0.00000082
1492.44622311,0.75661958,0.24213606,0.00124341,0.00000000,0.00000094
1502.30115058,0.75659087,0.24210313,0.00130493,0.00000000,0.00000108
1512.15607804,0.75656114,0.24206902,0.00136861,0.00000000,0.00000123
1522.01100550,0.75653037,0.24203371,0.00143452,0.00000000,0.00000140
1531.86593297,0.75649856,0.24199717,0.00150268,0.00000000,0.00000159
1541.72086043,0.75646566,0.24195938,0.00157314,0.00000000,0.00000181
1551.57578789,0.75643168,0.24192032,0.00164594,0.00000000,0.00000205
1561.43071536,0.75639659,0.24187996,0.00172112,0.00000000,0.00000233
1571.28564282,0.75636037,0.24183829,0.00179872,0.00000000,0.00000263
1581.14057029,0.75632300,0.24179526,0.00187877,0.00000000,0.00000297
1590.99549775,0.75628447,0.24175087,0.00196132,0.00000000,0.00000335
1600.85042521,0.75624475,0.24170508,0.00204640,0.00000000,0.00000377
1610.70535268,0.75620383,0.24165788,0.00213405,0.00000000,0.00000423
1620.56028014,0.75616170,0.24160923,0.00222432,0.00000000,0.00000475
1630.41520760,0.75611833,0.24155912,0.00231722,0.00000000,0.00000532
1640.27013507,0.75607371,0.24150752,0.00241281,0.00000000,0.00000596
1650.12506253,0.75602783,0.24145440,0.00251111,0.00000000,0.00000666
1659.97998999,0.75598065,0.24139974,0.00261216,0.00000000,0.00000744
1669.83491746,0.75593218,0.24134352,0.00271601,0.00000000,0.00000829
1679.68984492,0.75588239,0.24128571,0.00282267,0.00000000,0.00000923
1689.54477239,0.75583127,0.24122628,0.00293218,0.00000000,0.00001027
1699.39969985,0.75577881,0.24116521,0.00304458,0.00000000,0.00001140
1709.25462731,0.75572498,0.24110248,0.00315990,0.00000000,0.00001265
1719.10955478,0.75566977,0.24103805,0.00327816,0.00000000,0.00001402
1728.96448224,0.75561317,0.24097191,0.00339941,0.00000000,0.00001551
1738.81940970,0.75555517,0.24090401,0.00352367,0.00000000,0.00001715
1748.67433717,0.75549575,0.24083435,0.00365096,0.00000000,0.00001894
1758.52926463,0.75543489,0.24076289,0.00378133,0.00000000,0.00002089
1768.38419210,0.75537260,0.24068960,0.00391479,0.00000000,0.00002302
1778.23911956,0.75530884,0.24061446,0.00405137,0.00000000,0.00002533
1788.09404702,0.75524361,0.24053743,0.00419111,0.00000000,0.00002785
1797.94897449,0.75517690,0.24045849,0.00433402,0.00000000,0.00003059
1807.80390195,0.75510870,0.24037761,0.00448013,0.00000000,0.00003356
1817.65882941,0.75503899,0.24029475,0.00462947,0.00000000,0.00003679
1827.51375688,0.75496776,0.24020990,0.00478206,0.00000000,0.00004029
1837.36868434,0.75489501,0.24012301,0.00493791,0.00000000,0.00004407
1847.22361181,0.75482071,0.24003405,0.00509707,0.00000000,0.00004817
1857.07853927,0.75474488,0.23994300,0.00525953,0.00000000,0.00005260
1866.93346673,0.75466748,0.23984981,0.00542534,0.00000000,0.00005738
1876.78839420,0.75458852,0.23975446,0.00559449,0.00000000,0.00006253
1886.64332166,0.75450798,0.23965690,0.00576703,0.00000000,0.00006809
1896.49824912,0.75442586,0.23955711,0.00594295,0.00000000,0.00007408
1906.35317659,0.75434215,0.23945504,0.00612228,0.00000000,0.00008053
1916.20810405,0.75425684,0.23935066,0.00630504,0.00000000,0.00008746
1926.06303152,0.75416992,0.23924393,0.00649124,0.00000000,0.00009491
1935.91795898,0.75408139,0.23913481,0.00668089,0.00000000,0.00010290
1945.77288644,0.75399124,0.23902326,0.00687402,0.00000000,0.00011148
1955.62781391,0.75389947,0.23890923,0.00707062,0.00000000,0.00012067
1965.48274137,0.75380606,0.23879269,0.00727073,0.00000000,0.00013052
1975.33766883,0.75371102,0.23867358,0.00747433,0.00000000,0.00014107
1985.19259630,0.75361433,0.23855187,0.00768145,0.00000000,0.00015234
1995.04752376,0.75351601,0.23842750,0.00789210,0.00000000,0.00016440
2004.90245123,0.75341603,0.23830042,0.00810628,0.00000000,0.00017727
2014.75737869,0.75331439,0.23817059,0.00832401,0.00000000,0.00019101
2024.61230615,0.75321111,0.23803795,0.00854528,0.00000000,0.00020566
2034.46723362,0.75310616,0.23790246,0.00877010,0.00000000,0.00022128
2044.32216108,0.75299955,0.23776404,0.00899849,0.00000000,0.00023792
2054.17708854,0.75289128,0.23762266,0.00923044,0.00000000,0.00025563
2064.03201601,0.75278134,0.23747824,0.00946595,0.00000000,0.00027447
2073.88694347,0.75266974,0.23733074,0.00970503,0.00000000,0.00029449
2083.74187094,0.75255647,0.23718008,0.00994768,0.00000000,0.00031577
2093.59679840,0.75244154,0.23702620,0.01019390,0.00000000,0.00033836
2103.45172586,0.75232494,0.23686904,0.01044369,0.00000000,0.00036233
2113.30665333,0.75220667,0.23670854,0.01069705,0.00000000,0.00038775
2123.16158079,0.75208674,0.23654461,0.01095397,0.00000000,0.00041468
2133.01650825,0.75196515,0.23637719,0.01121445,0.00000000,0.00044322
2142.87143572,0.75184190,0.23620620,0.01147848,0.00000000,0.00047342
2152.72636318,0.75171699,0.23603157,0.01174607,0.00000000,0.00050537
2162.58129065,0.75159043,0.23585321,0.01201720,0.00000000,0.00053916
2172.43621811,0.75146221,0.23567106,0.01229187,0.00000000,0.00057486
2182.29114557,0.75133235,0.23548502,0.01257006,0.00000000,0.00061256
2192.14607304,0.75120085,0.23529501,0.01285177,0.00000000,0.00065237
2202.00100050,0.75106771,0.23510093,0.01313699,0.00000001,0.00069436
2211.85592796,0.75093294,0.23490271,0.01342570,0.00000001,0.00073864
2221.71085543,0.75079655,0.23470025,0.01371790,0.00000001,0.00078530
2231.56578289,0.75065853,0.23449344,0.01401356,0.00000001,0.00083446
2241.42071036,0.75051891,0.23428220,0.01431267,0.00000001,0.00088621
2251.27563782,0.75037768,0.23406642,0.01461522,0.00000001,0.00094067
2261.13056528,0.75023485,0.23384600,0.01492119,0.00000001,0.00099795
2270.98549275,0.75009044,0.23362083,0.01523056,0.00000001,0.00105816
2280.84042021,0.74994444,0.23339081,0.01554331,0.00000001,0.00112142
2290.69534767,0.74979688,0.23315581,0.01585943,0.00000001,0.00118786
2300.55027514,0.74964776,0.23291573,0.01617887,0.00000002,0.00125761
2310.40520260,0.74949710,0.23267046,0.01650164,0.00000002,0.00133079
2320.26013007,0.74934490,0.23241986,0.01682769,0.00000002,0.00140753
2330.11505753,0.74919117,0.23216382,0.01715701,0.00000002,0.00148798
2339.96998499,0.74903593,0.23190221,0.01748957,0.00000003,0.00157227
2349.82491246,0.74887919,0.23163490,0.01782534,0.00000003,0.00166055
2359.67983992,0.74872097,0.23136176,0.01816428,0.00000003,0.00175296
2369.53476738,0.74856128,0.23108265,0.01850638,0.00000003,0.00184965
2379.38969485,0.74840013,0.23079745,0.01885160,0.00000004,0.00195079
2389.24462231,0.74823754,0.23050599,0.01919990,0.00000004,0.00205652
2399.09954977,0.74807353,0.23020816,0.01955125,0.00000005,0.00216702
2408.95447724,0.74790810,0.22990379,0.01990562,0.00000005,0.00228244
2418.80940470,0.74774129,0.22959273,0.02026296,0.00000006,0.00240296
2428.66433217,0.74757311,0.22927485,0.02062324,0.00000006,0.00252874
2438.51925963,0.74740357,0.22894997,0.02098642,0.00000007,0.00265997
2448.37418709,0.74723270,0.22861794,0.02135246,0.00000008,0.00279682
2458.22911456,0.74706052,0.22827861,0.02172131,0.00000008,0.00293948
2468.08404202,0.74688704,0.22793180,0.02209293,0.00000009,0.00308814
2477.93896948,0.74671229,0.22757736,0.02246728,0.00000010,0.00324298
2487.79389695,0.74653628,0.22721510,0.02284430,0.00000011,0.00340421
2497.64882441,0.74635906,0.22684487,0.02322394,0.00000012,0.00357201
2507.50375188,0.74618063,0.22646648,0.02360617,0.00000013,0.00374660
2517.35867934,0.74600101,0.22607976,0.02399091,0.00000014,0.00392817
2527.21360680,0.74582025,0.22568452,0.02437813,0.00000016,0.00411694
2537.06853427,0.74563836,0.22528059,0.02476777,0.00000017,0.00431312
2546.92346173,0.74545536,0.22486778,0.02515976,0.00000019,0.00451691
2556.77838919,0.74527129,0.22444590,0.02555405,0.00000021,0.00472855
2566.63331666,0.74508617,0.22401477,0.02595058,0.00000023,0.00494825
2576.48824412,0.74490004,0.22357419,0.02634929,0.00000025,0.00517624
2586.34317159,0.74471291,0.22312396,0.02675011,0.00000027,0.00541275
2596.19809905,0.74452483,0.22266390,0.02715298,0.00000029,0.00565800
2606.05302651,0.74433582,0.22219380,0.02755783,0.00000032,0.00591223
2615.90795398,0.74414592,0.22171346,0.02796459,0.00000034,0.00617568
2625.76288144,0.74395516,0.22122269,0.02837319,0.00000037,0.00644859
2635.61780890,0.74376357,0.22072127,0.02878356,0.00000041,0.00673119
2645.47273637,0.74357118,0.22020901,0.02919563,0.00000044,0.00702373
2655.32766383,0.74337804,0.21968570,0.02960931,0.00000048,0.00732647
2665.18259130,0.74318418,0.21915113,0.03002453,0.00000052,0.00763964
2675.03751876,0.74298963,0.21860510,0.03044120,0.00000056,0.00796350
2684.89244622,0.74279444,0.21804739,0.03085926,0.00000061,0.00829830
2694.74737369,0.74259864,0.21747779,0.03127860,0.00000066,0.00864430
2704.60230115,0.74240228,0.21689610,0.03169915,0.00000071,0.00900175
2714.45722861,0.74220539,0.21630210,0.03212082,0.00000077,0.00937091
2724.31215608,0.74200801,0.21569559,0.03254352,0.00000083,0.00975204
2734.16708354,0.74181020,0.21507635,0.03296715,0.00000090,0.01014540
2744.02201101,0.74161199,0.21444417,0.03339162,0.00000097,0.01055125
2753.87693847,0.74141342,0.21379884,0.03381684,0.00000105,0.01096985
2763.73186593,0.74121455,0.21314016,0.03424271,0.00000113,0.01140146
2773.58679340,0.74101541,0.21246791,0.03466912,0.00000121,0.01184635
2783.44172086,0.74081607,0.21178188,0.03509597,0.00000131,0.01230477
2793.29664832,0.74061655,0.21108188,0.03552317,0.00000141,0.01277699
2803.15157579,0.74041693,0.21036769,0.03595059,0.00000151,0.01326328
2813.00650325,0.74021723,0.20963911,0.03637815,0.00000163,0.01376388
2822.86143072,0.74001753,0.20889595,0.03680571,0.00000175,0.01427906
2832.71635818,0.73981786,0.20813800,0.03723318,0.00000188,0.01480908
2842.57128564,0.73961828,0.20736508,0.03766043,0.00000202,0.01535420
2852.42621311,0.73941885,0.20657697,0.03808735,0.00000216,0.01591466
2862.28114057,0.73921962,0.20577351,0.03851382,0.00000232,0.01649073
2872.13606803,0.73902064,0.20495450,0.03893972,0.00000249,0.01708265
2881.99099550,0.73882198,0.20411977,0.03936492,0.00000267,0.01769066
2891.84592296,0.73862369,0.20326913,0.03978931,0.00000286,0.01831502
2901.70085043,0.73842583,0.20240241,0.04021274,0.00000306,0.01895596
2911.55577789,0.73822846,0.20151945,0.04063510,0.00000327,0.01961372
2921.41070535,0.73803164,0.20062008,0.04105625,0.00000350,0.02028852
2931.26563282,0.73783543,0.19970415,0.04147606,0.00000374,0.02098061
2941.12056028,0.73763990,0.19877151,0.04189439,0.00000400,0.02169019
2950.97548774,0.73744511,0.19782202,0.04231111,0.00000428,0.02241749
2960.83041521,0.73725112,0.19685554,0.04272607,0.00000457,0.02316272
2970.68534267,0.73705799,0.19587193,0.04313913,0.00000487,0.02392607
2980.54027014,0.73686580,0.19487109,0.04355016,0.00000520,0.02470776
2990.39519760,0.73667461,0.19385289,0.04395900,0.00000555,0.02550796
3000.25012506,0.73648448,0.19281723,0.04436551,0.00000591,0.02632686
3010.10505253,0.73629550,0.19176402,0.04476955,0.00000630,0.02716463
3019.95997999,0.73610771,0.19069317,0.04517096,0.00000671,0.02802145
3029.81490745,0.73592120,0.18960461,0.04556958,0.00000714,0.02889747
3039.66983492,0.73573603,0.18849826,0.04596528,0.00000760,0.02979283
3049.52476238,0.73555228,0.18737407,0.04635789,0.00000809,0.03070767
3059.37968984,0.73537001,0.18623201,0.04674725,0.00000860,0.03164213
3069.23461731,0.73518930,0.18507203,0.04713321,0.00000915,0.03259631
3079.08954477,0.73501022,0.18389412,0.04751562,0.00000972,0.03357032
3088.94447224,0.73483284,0.18269826,0.04789431,0.00001033,0.03456425
3098.79939970,0.73465725,0.18148448,0.04826912,0.00001097,0.03557819
3108.65432716,0.73448350,0.18025277,0.04863989,0.00001164,0.03661220
3118.50925463,0.73431167,0.17900319,0.04900645,0.00001235,0.03766633
3128.36418209,0.73414185,0.17773576,0.04936866,0.00001311,0.03874063
3138.21910955,0.73397410,0.17645056,0.04972633,0.00001390,0.03983511
3148.07403702,0.73380849,0.17514767,0.05007931,0.00001473,0.04094980
3157.92896448,0.73364511,0.17382717,0.05042743,0.00001561,0.04208468
3167.78389195,0.73348403,0.17248917,0.05077053,0.00001654,0.04323974
3177.63881941,0.73332532,0.17113380,0.05110844,0.00001751,0.04441493
3187.49374687,0.73316906,0.16976120,0.05144100,0.00001854,0.04561021
3197.34867434,0.73301532,0.16837153,0.05176804,0.00001962,0.04682549
3207.20360180,0.73286417,0.16696497,0.05208941,0.00002075,0.04806070
3217.05852926,0.73271569,0.16554171,0.05240493,0.00002194,0.04931573
3226.91345673,0.73256996,0.16410196,0.05271444,0.00002320,0.05059045
3236.76838419,0.73242704,0.16264595,0.05301778,0.00002452,0.05188471
3246.62331166,0.73228702,0.16117394,0.05331479,0.00002590,0.05319835
3256.47823912,0.73214995,0.15968619,0.05360531,0.00002736,0.05453120
3266.33316658,0.73201591,0.15818298,0.05388919,0.00002888,0.05588304
3276.18809405,0.73188497,0.15666464,0.05416626,0.00003049,0.05725365
3286.04302151,0.73175720,0.15513148,0.05443637,0.00003217,0.05864278
3295.89794897,0.73163267,0.15358384,0.05469937,0.00003393,0.06005018
3305.75287644,0.73151144,0.15202211,0.05495510,0.00003578,0.06147556
3315.60780390,0.73139359,0.15044665,0.05520343,0.00003772,0.06291861
3325.46273137,0.73127916,0.14885788,0.05544420,0.00003976,0.06437900
3335.31765883,0.73116824,0.14725622,0.05567727,0.00004189,0.06585638
3345.17258629,0.73106086,0.14564212,0.05590251,0.00004412,0.06735039
3355.02751376,0.73095711,0.14401604,0.05611978,0.00004645,0.06886062
3364.88244122,0.73085703,0.14237846,0.05632894,0.00004890,0.07038667
3374.73736868,0.73076067,0.14072989,0.05652987,0.00005146,0.07192811
3384.59229615,0.73066810,0.13907085,0.05672245,0.00005414,0.07348447
3394.44722361,0.73057936,0.13740187,0.05690655,0.00005694,0.07505528
3404.30215108,0.73049450,0.13572352,0.05708206,0.00005988,0.07664004
3414.15707854,0.73041357,0.13403637,0.05724888,0.00006294,0.07823825
3424.01200600,0.73033660,0.13234102,0.05740689,0.00006614,0.07984935
3433.86693347,0.73026365,0.13063807,0.05755600,0.00006949,0.08147279
3443.72186093,0.73019475,0.12892815,0.05769611,0.00007299,0.08310800
3453.57678839,0.73012993,0.12721190,0.05782714,0.00007664,0.08475439
3463.43171586,0.73006923,0.12548998,0.05794900,0.00008046,0.08641133
3473.28664332,0.73001268,0.12376305,0.05806162,0.00008444,0.08807821
3483.14157079,0.72996030,0.12203180,0.05816493,0.00008860,0.08975437
3492.99649825,0.72991211,0.12029692,0.05825887,0.00009293,0.09143916
3502.85142571,0.72986814,0.11855913,0.05834338,0.00009746,0.09313190
3512.70635318,0.72982840,0.11681912,0.05841841,0.00010217,0.09483189
3522.56128064,0.72979289,0.11507764,0.05848393,0.00010709,0.09653845
3532.41620810,0.72976164,0.11333540,0.05853990,0.00011222,0.09825084
3542.27113557,0.72973464,0.11159316,0.05858629,0.00011757,0.09996834
3552.12606303,0.72971190,0.10985166,0.05862309,0.00012313,0.10169022
3561.98099050,0.72969341,0.10811164,0.05865028,0.00012893,0.10341574
3571.83591796,0.72967916,0.10637387,0.05866786,0.00013497,0.10514413
3581.69084542,0.72966914,0.10463910,0.05867585,0.00014126,0.10687465
3591.54577289,0.72966334,0.10290808,0.05867425,0.00014781,0.10860653
3601.40070035,0.72966174,0.10118156,0.05866308,0.00015462,0.11033899
3611.25562781,0.72966432,0.09946031,0.05864238,0.00016171,0.11207128
3621.11055528,0.72967104,0.09774508,0.05861219,0.00016908,0.11380262
3630.96548274,0.72968188,0.09603660,0.05857254,0.00017675,0.11553224
3640.82041021,0.72969679,0.09433561,0.05852351,0.00018472,0.11725937
3650.67533767,0.72971575,0.09264285,0.05846515,0.00019301,0.11898324
3660.53026513,0.72973870,0.09095905,0.05839753,0.00020162,0.12070310
3670.38519260,0.72976560,0.08928490,0.05832073,0.00021057,0.12241820
3680.24012006,0.72979640,0.08762112,0.05823485,0.00021986,0.12412777
3690.09504752,0.72983103,0.08596839,0.05813997,0.00022952,0.12583109
3699.94997499,0.72986944,0.08432738,0.05803621,0.00023954,0.12752743
3709.80490245,0.72991157,0.08269875,0.05792367,0.00024995,0.12921607
3719.65982991,0.72995734,0.08108314,0.05780247,0.00026075,0.13089630
3729.51475738,0.73000669,0.07948117,0.05767274,0.00027196,0.13256744
3739.36968484,0.73005954,0.07789346,0.05753461,0.00028359,0.13422881
3749.22461231,0.73011581,0.07632057,0.05738823,0.00029565,0.13587974
3759.07953977,0.73017542,0.07476308,0.05723373,0.00030816,0.13751961
3768.93446723,0.73023828,0.07322153,0.05707128,0.00032113,0.13914779
3778.78939470,0.73030431,0.07169643,0.05690102,0.00033457,0.14076367
3788.64432216,0.73037342,0.07018828,0.05672313,0.00034850,0.14236667
3798.49924962,0.73044550,0.06869755,0.05653778,0.00036294,0.14395623
3808.35417709,0.73052047,0.06722468,0.05634513,0.00037790,0.14553182
3818.20910455,0.73059823,0.06577010,0.05614537,0.00039339,0.14709291
3828.06403202,0.73067867,0.06433420,0.05593869,0.00040943,0.14863901
3837.91895948,0.73076168,0.06291735,0.05572527,0.00042604,0.15016966
3847.77388694,0.73084717,0.06151989,0.05550530,0.00044323,0.15168442
3857.62881441,0.73093502,0.06014213,0.05527898,0.00046102,0.15318285
3867.48374187,0.73102513,0.05878436,0.05504650,0.00047943,0.15466457
3877.33866933,0.73111738,0.05744685,0.05480807,0.00049848,0.15612922
3887.19359680,0.73121167,0.05612983,0.05456389,0.00051818,0.15757644
3897.04852426,0.73130786,0.05483350,0.05431416,0.00053855,0.15900592
3906.90345173,0.73140586,0.05355805,0.05405909,0.00055962,0.16041738
3916.75837919,0.73150555,0.05230363,0.05379889,0.00058139,0.16181054
3926.61330665,0.73160681,0.05107037,0.05353375,0.00060390,0.16318517
3936.46823412,0.73170952,0.04985838,0.05326390,0.00062716,0.16454105
3946.32316158,0.73181356,0.04866773,0.05298954,0.00065119,0.16587799
3956.17808904,0.73191882,0.04749848,0.05271087,0.00067601,0.16719583
3966.03301651,0.73202517,0.04635065,0.05242810,0.00070165,0.16849443
3975.88794397,0.73213251,0.04522426,0.05214144,0.00072812,0.16977366
3985.74287144,0.73224071,0.04411929,0.05185109,0.00075545,0.17103345
3995.59779890,0.73234966,0.04303570,0.05155726,0.00078367,0.17227371
4005.45272636,0.73245923,0.04197343,0.05126014,0.00081279,0.17349440
4015.30765383,0.73256931,0.04093241,0.05095994,0.00084284,0.17469550
4025.16258129,0.73267979,0.03991253,0.05065685,0.00087384,0.17587698
4035.01750875,0.73279055,0.03891369,0.05035107,0.00090582,0.17703888
4044.87243622,0.73290148,0.03793573,0.05004278,0.00093880,0.17818122
4054.72736368,0.73301246,0.03697852,0.04973217,0.00097281,0.17930404
4064.58229115,0.73312338,0.03604188,0.04941943,0.00100788,0.18040743
4074.43721861,0.73323412,0.03512564,0.04910474,0.00104403,0.18149147
4084.29214607,0.73334459,0.03422960,0.04878827,0.00108129,0.18255626
4094.14707354,0.73345466,0.03335354,0.04847021,0.00111968,0.18360191
4104.00200100,0.73356424,0.03249724,0.04815071,0.00115924,0.18462856
4113.85692846,0.73367322,0.03166048,0.04782995,0.00120000,0.18563636
4123.71185593,0.73378148,0.03084301,0.04750808,0.00124198,0.18662545
4133.56678339,0.73388894,0.03004457,0.04718527,0.00128521,0.18759601
4143.42171086,0.73399547,0.02926490,0.04686167,0.00132973,0.18854823
4153.27663832,0.73410100,0.02850373,0.04653742,0.00137556,0.18948229
4163.13156578,0.73420541,0.02776078,0.04621267,0.00142274,0.19039839
4172.98649325,0.73430861,0.02703577,0.04588757,0.00147130,0.19129675
4182.84142071,0.73441050,0.02632841,0.04556224,0.00152127,0.19217758
4192.69634817,0.73451099,0.02563841,0.04523681,0.00157269,0.19304110
4202.55127564,0.73460999,0.02496546,0.04491142,0.00162558,0.19388755
4212.40620310,0.73470740,0.02430926,0.04458618,0.00167999,0.19471717
4222.26113057,0.73480313,0.02366950,0.04426122,0.00173595,0.19553020
4232.11605803,0.73489710,0.02304589,0.04393664,0.00179349,0.19632688
4241.97098549,0.73498921,0.02243811,0.04361256,0.00185266,0.19710746
4251.82591296,0.73507939,0.02184584,0.04328908,0.00191348,0.19787221
4261.68084042,0.73516755,0.02126878,0.04296630,0.00197600,0.19862137
4271.53576788,0.73525360,0.02070662,0.04264431,0.00204025,0.19935522
4281.39069535,0.73533746,0.02015905,0.04232322,0.00210627,0.20007400
4291.24562281,0.73541906,0.01962575,0.04200309,0.00217410,0.20077799
4301.10055028,0.73549831,0.01910642,0.04168403,0.00224379,0.20146745
4310.95547774,0.73557513,0.01860075,0.04136611,0.00231537,0.20214263
4320.81040520,0.73564945,0.01810844,0.04104940,0.00238889,0.20280382
4330.66533267,0.73572120,0.01762918,0.04073398,0.00246438,0.20345126
4340.52026013,0.73579029,0.01716268,0.04041991,0.00254189,0.20408523
4350.37518759,0.73585665,0.01670863,0.04010727,0.00262147,0.20470598
4360.23011506,0.73592022,0.01626675,0.03979611,0.00270315,0.20531377
4370.08504252,0.73598092,0.01583674,0.03948648,0.00278699,0.20590887
4379.93996998,0.73603867,0.01541832,0.03917846,0.00287302,0.20649154
4389.79489745,0.73609341,0.01501120,0.03887207,0.00296130,0.20706202
4399.64982491,0.73614507,0.01461511,0.03856738,0.00305186,0.20762057
4409.50475238,0.73619358,0.01422977,0.03826443,0.00314477,0.20816744
4419.35967984,0.73623887,0.01385492,0.03796326,0.00324006,0.20870288
4429.21460730,0.73628088,0.01349028,0.03766391,0.00333779,0.20922713
4439.06953477,0.73631953,0.01313560,0.03736642,0.00343801,0.20974044
4448.92446223,0.73635476,0.01279063,0.03707082,0.00354076,0.21024303
4458.77938969,0.73638651,0.01245510,0.03677713,0.00364611,0.21073516
4468.63431716,0.73641470,0.01212877,0.03648540,0.00375409,0.21121704
4478.48924462,0.73643928,0.01181140,0.03619565,0.00386477,0.21168890
4488.34417209,0.73646018,0.01150276,0.03590790,0.00397819,0.21215097
4498.19909955,0.73647733,0.01120261,0.03562217,0.00409441,0.21260347
4508.05402701,0.73649068,0.01091072,0.03533848,0.00421349,0.21304662
4517.90895448,0.73650014,0.01062688,0.03505686,0.00433549,0.21348063
4527.76388194,0.73650567,0.01035086,0.03477731,0.00446045,0.21390570
4537.61880940,0.73650720,0.01008246,0.03449985,0.00458844,0.21432205
4547.47373687,0.73650466,0.00982146,0.03422449,0.00471952,0.21472987
4557.32866433,0.73649799,0.00956766,0.03395125,0.00485374,0.21512936
4567.18359180,0.73648712,0.00932087,0.03368013,0.00499116,0.21552072
4577.03851926,0.73647200,0.00908089,0.03341113,0.00513185,0.21590413
4586.89344672,0.73645255,0.00884753,0.03314427,0.00527586,0.21627978
4596.74837419,0.73642872,0.00862061,0.03287955,0.00542327,0.21664785
4606.60330165,0.73640043,0.00839995,0.03261697,0.00557412,0.21700852
4616.45822911,0.73636763,0.00818537,0.03235654,0.00572850,0.21736197
4626.31315658,0.73633025,0.00797671,0.03209824,0.00588645,0.21770835
4636.16808404,0.73628822,0.00777379,0.03184209,0.00604805,0.21804785
4646.02301151,0.73624148,0.00757646,0.03158808,0.00621336,0.21838062
4655.87793897,0.73618996,0.00738455,0.03133621,0.00638245,0.21870682
4665.73286643,0.73613359,0.00719793,0.03108647,0.00655540,0.21902661
4675.58779390,0.73607232,0.00701642,0.03083886,0.00673225,0.21934015
4685.44272136,0.73600606,0.00683990,0.03059337,0.00691310,0.21964756
4695.29764882,0.73593477,0.00666821,0.03035000,0.00709800,0.21994902
4705.15257629,0.73585835,0.00650123,0.03010874,0.00728704,0.22024464
4715.00750375,0.73577676,0.00633881,0.02986957,0.00748027,0.22053458
4724.86243122,0.73568991,0.00618083,0.02963250,0.00767778,0.22081897
4734.71735868,0.73559774,0.00602716,0.02939751,0.00787964,0.22109794
4744.57228614,0.73550018,0.00587768,0.02916459,0.00808593,0.22137162
4754.42721361,0.73539716,0.00573226,0.02893374,0.00829671,0.22164013
4764.28214107,0.73528861,0.00559080,0.02870493,0.00851208,0.22190360
4774.13706853,0.73517444,0.00545317,0.02847815,0.00873209,0.22216214
4783.99199600,0.73505460,0.00531927,0.02825341,0.00895685,0.22241587
4793.84692346,0.73492901,0.00518899,0.02803067,0.00918641,0.22266491
4803.70185093,0.73479759,0.00506224,0.02780994,0.00942087,0.22290937
4813.55677839,0.73466027,0.00493889,0.02759118,0.00966030,0.22314935
4823.41170585,0.73451697,0.00481887,0.02737440,0.00990479,0.22338496
4833.26663332,0.73436762,0.00470207,0.02715958,0.01015442,0.22361630
4843.12156078,0.73421214,0.00458841,0.02694670,0.01040927,0.22384348
4852.97648824,0.73405046,0.00447779,0.02673574,0.01066943,0.22406658
4862.83141571,0.73388248,0.00437012,0.02652670,0.01093498,0.22428571
4872.68634317,0.73370814,0.00426532,0.02631955,0.01120602,0.22450096
4882.54127064,0.73352736,0.00416332,0.02611429,0.01148262,0.22471242
4892.39619810,0.73334004,0.00406402,0.02591089,0.01176488,0.22492017
4902.25112556,0.73314612,0.00396735,0.02570934,0.01205289,0.22512430
4912.10605303,0.73294550,0.00387325,0.02550962,0.01234673,0.22532490
4921.96098049,0.73273811,0.00378162,0.02531171,0.01264650,0.22552205
4931.81590795,0.73252386,0.00369241,0.02511561,0.01295229,0.22571582
4941.67083542,0.73230267,0.00360555,0.02492129,0.01326419,0.22590629
4951.52576288,0.73207444,0.00352097,0.02472874,0.01358230,0.22609355
4961.38069035,0.73183910,0.00343859,0.02453794,0.01390671,0.22627766
4971.23561781,0.73159655,0.00335837,0.02434887,0.01423751,0.22645869
4981.09054527,0.73134671,0.00328025,0.02416152,0.01457481,0.22663671
4990.94547274,0.73108948,0.00320415,0.02397587,0.01491870,0.22681180
5000.80040020,0.73082478,0.00313002,0.02379190,0.01526928,0.22698402
5010.65532766,0.73055251,0.00305782,0.02360960,0.01562664,0.22715343
5020.51025513,0.73027259,0.00298748,0.02342895,0.01599090,0.22732009
5030.36518259,0.72998491,0.00291895,0.02324993,0.01636214,0.22748408
5040.22011006,0.72968939,0.00285218,0.02307253,0.01674047,0.22764544
5050.07503752,0.72938592,0.00278712,0.02289672,0.01712600,0.22780423
5059.92996498,0.72907442,0.00272373,0.02272250,0.01751882,0.22796052
5069.78489245,0.72875479,0.00266196,0.02254985,0.01791905,0.22811436
5079.63981991,0.72842693,0.00260175,0.02237874,0.01832679,0.22826579
5089.49474737,0.72809073,0.00254308,0.02220917,0.01874214,0.22841488
5099.34967484,0.72774611,0.00248589,0.02204111,0.01916521,0.22856168
5109.20460230,0.72739296,0.00243015,0.02187455,0.01959611,0.22870624
5119.05952976,0.72703118,0.00237581,0.02170948,0.02003495,0.22884859
5128.91445723,0.72666066,0.00232284,0.02154587,0.02048183,0.22898880
5138.76938469,0.72628131,0.00227119,0.02138371,0.02093688,0.22912691
5148.62431216,0.72589302,0.00222084,0.02122299,0.02140020,0.22926296
5158.47923962,0.72549568,0.00217174,0.02106368,0.02187190,0.22939700
5168.33416708,0.72508919,0.00212386,0.02090578,0.02235209,0.22952907
5178.18909455,0.72467345,0.00207718,0.02074927,0.02284090,0.22965921
5188.04402201,0.72424833,0.00203165,0.02059413,0.02333843,0.22978746
5197.89894947,0.72381375,0.00198724,0.02044034,0.02384480,0.22991387
5207.75387694,0.72336958,0.00194392,0.02028790,0.02436013,0.23003847
5217.60880440,0.72291572,0.00190167,0.02013677,0.02488453,0.23016130
5227.46373187,0.72245206,0.00186046,0.01998696,0.02541813,0.23028239
5237.31865933,0.72197848,0.00182025,0.01983845,0.02596103,0.23040179
5247.17358679,0.72149487,0.00178102,0.01969121,0.02651337,0.23051953
5257.02851426,0.72100112,0.00174275,0.01954524,0.02707526,0.23063564
5266.88344172,0.72049711,0.00170540,0.01940051,0.02764683,0.23075015
5276.73836918,0.71998273,0.00166896,0.01925703,0.02822819,0.23086310
5286.59329665,0.71945786,0.00163339,0.01911476,0.02881946,0.23097453
5296.44822411,0.71892239,0.00159868,0.01897370,0.02942078,0.23108445
5306.30315158,0.71837619,0.00156480,0.01883384,0.03003226,0.23119290
5316.15807904,0.71781916,0.00153173,0.01869515,0.03065404,0.23129992
5326.01300650,0.71725117,0.00149945,0.01855763,0.03128623,0.23140553
5335.86793397,0.71667209,0.00146794,0.01842126,0.03192896,0.23150975
5345.72286143,0.71608182,0.00143718,0.01828602,0.03258236,0.23161263
5355.57778889,0.71548022,0.00140714,0.01815191,0.03324655,0.23171417
5365.43271636,0.71486719,0.00137781,0.01801891,0.03392167,0.23181442
5375.28764382,0.71424258,0.00134918,0.01788701,0.03460785,0.23191338
5385.14257129,0.71360629,0.00132121,0.01775619,0.03530521,0.23201110
5394.99749875,0.71295819,0.00129390,0.01762644,0.03601388,0.23210760
5404.85242621,0.71229814,0.00126723,0.01749775,0.03673399,0.23220289
5414.70735368,0.71162604,0.00124117,0.01737010,0.03746568,0.23229700
5424.56228114,0.71094174,0.00121573,0.01724349,0.03820908,0.23238996
5434.41720860,0.71024513,0.00119087,0.01711790,0.03896431,0.23248178
5444.27213607,0.70953608,0.00116658,0.01699332,0.03973152,0.23257249
5454.12706353,0.70881446,0.00114286,0.01686974,0.04051083,0.23266211
5463.98199100,0.70808014,0.00111968,0.01674713,0.04130238,0.23275067
5473.83691846,0.70733299,0.00109703,0.01662551,0.04210630,0.23283817
5483.69184592,0.70657289,0.00107490,0.01650484,0.04292273,0.23292464
5493.54677339,0.70579970,0.00105327,0.01638512,0.04375180,0.23301010
5503.40170085,0.70501330,0.00103213,0.01626634,0.04459365,0.23309458
5513.25662831,0.70421355,0.00101147,0.01614848,0.04544841,0.23317807
5523.11155578,0.70340033,0.00099128,0.01603154,0.04631622,0.23326062
5532.96648324,0.70257350,0.00097155,0.01591551,0.04719722,0.23334222
5542.82141071,0.70173293,0.00095225,0.01580037,0.04809154,0.23342291
5552.67633817,0.70087849,0.00093339,0.01568611,0.04899931,0.23350269
5562.53126563,0.70001005,0.00091496,0.01557272,0.04992068,0.23358159
5572.38619310,0.69912747,0.00089693,0.01546020,0.05085579,0.23365962
5582.24112056,0.69823062,0.00087930,0.01534853,0.05180476,0.23373679
5592.09604802,0.69731938,0.00086206,0.01523769,0.05276774,0.23381312
5601.95097549,0.69639360,0.00084521,0.01512769,0.05374487,0.23388863
5611.80590295,0.69545315,0.00082872,0.01501851,0.05473628,0.23396333
5621.66083042,0.69449791,0.00081260,0.01491014,0.05574211,0.23403724
5631.51575788,0.69352773,0.00079684,0.01480257,0.05676250,0.23411036
5641.37068534,0.69254249,0.00078141,0.01469580,0.05779758,0.23418272
5651.22561281,0.69154205,0.00076633,0.01458980,0.05884750,0.23425432
5661.08054027,0.69052628,0.00075157,0.01448458,0.05991239,0.23432518
5670.93546773,0.68949505,0.00073713,0.01438013,0.06099238,0.23439532
5680.79039520,0.68844821,0.00072301,0.01427642,0.06208762,0.23446474
5690.64532266,0.68738565,0.00070919,0.01417347,0.06319824,0.23453345
5700.50025013,0.68630723,0.00069566,0.01407125,0.06432438,0.23460148
5710.35517759,0.68521281,0.00068243,0.01396975,0.06546618,0.23466883
5720.21010505,0.68410227,0.00066948,0.01386898,0.06662376,0.23473551
5730.06503252,0.68297546,0.00065681,0.01376892,0.06779727,0.23480154
5739.91995998,0.68183227,0.00064440,0.01366956,0.06898684,0.23486692
5749.77488744,0.68067256,0.00063227,0.01357090,0.07019261,0.23493167
5759.62981491,0.67949621,0.00062038,0.01347292,0.07141470,0.23499579
5769.48474237,0.67830307,0.00060875,0.01337562,0.07265326,0.23505930
5779.33966983,0.67709302,0.00059737,0.01327899,0.07390841,0.23512221
5789.19459730,0.67586594,0.00058622,0.01318302,0.07518029,0.23518453
5799.04952476,0.67462169,0.00057531,0.01308771,0.07646903,0.23524626
5808.90445223,0.67336016,0.00056462,0.01299304,0.07777476,0.23530742
5818.75937969,0.67208120,0.00055416,0.01289901,0.07909760,0.23536802
5828.61430715,0.67078471,0.00054392,0.01280562,0.08043769,0.23542806
5838.46923462,0.66947055,0.00053389,0.01271285,0.08179516,0.23548756
5848.32416208,0.66813860,0.00052406,0.01262070,0.08317012,0.23554652
5858.17908954,0.66678873,0.00051444,0.01252916,0.08456272,0.23560495
5868.03401701,0.66542084,0.00050502,0.01243822,0.08597306,0.23566286
5877.88894447,0.66403479,0.00049579,0.01234789,0.08740128,0.23572025
5887.74387194,0.66263047,0.00048675,0.01225814,0.08884749,0.23577715
5897.59879940,0.66120777,0.00047790,0.01216897,0.09031181,0.23583355
5907.45372686,0.65976656,0.00046923,0.01208038,0.09179438,0.23588945
5917.30865433,0.65830673,0.00046073,0.01199237,0.09329529,0.23594488
