T [K],Y(N2),Y(O2),Y(NO),Y(N),Y(O),Y(NO+),Y(e-)
300.00000000,0.75720000,0.24280000,0.00000000,0.00000000,0.00000000,0.00000000,0.00000000
309.85492746,0.75720000,0.24280000,0.00000000,0.00000000,0.00000000,0.00000000,0.00000000
319.70985493,0.75720000,0.24280000,0.00000000,0.00000000,0.00000000,0.00000000,0.00000000
329.56478239,0.75720000,0.24280000,0.00000000,0.00000000,0.00000000,0.00000000,0.00000000
339.41970985,0.75720000,0.24280000,0.00000000,0.00000000,0.00000000,0.00000000,0.00000000
349.27463732,0.75720000,0.24280000,0.00000000,0.00000000,0.00000000,0.00000000,0.00000000
359.12956478,0.75720000,0.24280000,0.00000000,0.00000000,0.00000000,0.00000000,0.00000000
368.98449225,0.75720000,0.24280000,0.00000000,0.00000000,0.00000000,0.00000000,0.00000000
378.83941971,0.75720000,0.24280000,0.00000000,0.00000000,0.00000000,0.00000000,0.00000000
388.69434717,0.75720000,0.24280000,0.00000000,0.00000000,0.00000000,0.00000000,0.00000000
398.54927464,0.75720000,0.24280000,0.00000000,0.00000000,0.00000000,0.00000000,0.00000000
408.40420210,0.75720000,0.24280000,0.00000000,0.00000000,0.00000000,0.00000000,0.00000000
418.25912956,0.75720000,0.24280000,0.00000000,0.00000000,0.00000000,0.00000000,0.00000000
428.11405703,0.75720000,0.24280000,0.00000000,0.00000000,0.00000000,0.00000000,0.00000000
437.96898449,0.75720000,0.24280000,0.00000000,0.00000000,0.00000000,0.00000000,0.00000000
447.82391196,0.75720000,0.24280000,0.00000000,0.00000000,0.00000000,0.00000000,0.00000000
457.67883942,0.75720000,0.24280000,0.00000000,0.00000000,0.00000000,0.00000000,0.00000000
467.53376688,0.75720000,0.24280000,0.00000000,0.00000000,0.00000000,0.00000000,0.00000000
477.38869435,0.75720000,0.24280000,0.00000000,0.00000000,0.00000000,0.00000000,0.00000000
487.24362181,0.75720000,0.24280000,0.00000000,0.00000000,0.00000000,0.00000000,0.00000000
497.09854927,0.75720000,0.24280000,0.00000000,0.00000000,0.00000000,0.00000000,0.00000000
506.95347674,0.75720000,0.24280000,0.00000000,0.00000000,0.00000000,0.00000000,0.00000000
516.80840420,0.75720000,0.24280000,0.00000000,0.00000000,0.00000000,0.00000000,0.00000000
526.66333167,0.75720000,0.24280000,0.00000000,0.00000000,0.00000000,0.00000000,0.00000000
536.51825913,0.75720000,0.24280000,0.00000000,0.00000000,0.00000000,0.00000000,0.00000000
546.37318659,0.75720000,0.24280000,0.00000000,0.00000000,0.00000000,0.00000000,0.00000000
556.22811406,0.75720000,0.24280000,0.00000001,0.00000000,0.00000000,0.00000000,0.00000000
566.08304152,0.75720000,0.24280000,0.00000001,0.00000000,0.00000000,0.00000000,0.00000000
575.93796898,0.75720000,0.24279999,0.00000001,0.00000000,0.00000000,0.00000000,0.00000000
585.79289645,0.75719999,0.24279999,0.00000001,0.00000000,0.00000000,0.00000000,0.00000000
595.64782391,0.75719999,0.24279999,0.00000002,0.00000000,0.00000000,0.00000000,0.00000000
605.50275138,0.75719999,0.24279999,0.00000003,0.00000000,0.00000000,0.00000000,0.00000000
615.35767884,0.75719998,0.24279998,0.00000003,0.00000000,0.00000000,0.00000000,0.00000000
625.21260630,0.75719998,0.24279998,0.00000005,0.00000000,0.00000000,0.00000000,0.00000000
635.06753377,0.75719997,0.24279997,0.00000006,0.00000000,0.00000000,0.00000000,0.00000000
644.92246123,0.75719996,0.24279996,0.00000008,0.00000000,0.00000000,0.00000000,0.00000000
654.77738869,0.75719995,0.24279995,0.00000010,0.00000000,0.00000000,0.00000000,0.00000000
664.63231616,0.75719994,0.24279993,0.00000013,0.00000000,0.00000000,0.00000000,0.00000000
674.48724362,0.75719992,0.24279991,0.00000016,0.00000000,0.00000000,0.00000000,0.00000000
684.34217109,0.75719990,0.24279989,0.00000021,0.00000000,0.00000000,0.00000000,0.00000000
694.19709855,0.75719988,0.24279986,0.00000026,0.00000000,0.00000000,0.00000000,0.00000000
704.05202601,0.75719985,0.24279983,0.00000033,0.00000000,0.00000000,0.00000000,0.00000000
713.90695348,0.75719981,0.24279978,0.00000040,0.00000000,0.00000000,0.00000000,0.00000000
723.76188094,0.75719977,0.24279973,0.00000050,0.00000000,0.00000000,0.00000000,0.00000000
733.61680840,0.75719971,0.24279967,0.00000061,0.00000000,0.00000000,0.00000000,0.00000000
743.47173587,0.75719965,0.24279960,0.00000075,0.00000000,0.00000000,0.00000000,0.00000000
753.32666333,0.75719958,0.24279952,0.00000090,0.00000000,0.00000000,0.00000000,0.00000000
763.18159080,0.75719949,0.24279942,0.00000109,0.00000000,0.00000000,0.00000000,0.00000000
773.03651826,0.75719939,0.24279930,0.00000131,0.00000000,0.00000000,0.00000000,0.00000000
782.89144572,0.75719927,0.24279916,0.00000157,0.00000000,0.00000000,0.00000000,0.00000000
792.74637319,0.75719913,0.24279900,0.00000187,0.00000000,0.00000000,0.00000000,0.00000000
802.60130065,0.75719897,0.24279882,0.00000221,0.00000000,0.00000000,0.00000000,0.00000000
812.45622811,0.75719878,0.24279861,0.00000261,0.00000000,0.00000000,0.00000000,0.00000000
822.31115558,0.75719856,0.24279836,0.00000307,0.00000000,0.00000000,0.00000000,0.00000000
832.16608304,0.75719832,0.24279808,0.00000360,0.00000000,0.00000000,0.00000000,0.00000000
842.02101051,0.75719804,0.24279776,0.00000420,0.00000000,0.00000000,0.00000000,0.00000000
851.87593797,0.75719772,0.24279739,0.00000489,0.00000000,0.00000000,0.00000000,0.00000000
861.73086543,0.75719735,0.24279698,0.00000567,0.00000000,0.00000000,0.00000000,0.00000000
871.58579290,0.75719694,0.24279651,0.00000655,0.00000000,0.00000000,0.00000000,0.00000000
881.44072036,0.75719648,0.24279598,0.00000754,0.00000000,0.00000000,0.00000000,0.00000000
891.29564782,0.75719596,0.24279539,0.00000865,0.00000000,0.00000000,0.00000000,0.00000000
901.15057529,0.75719538,0.24279472,0.00000990,0.00000000,0.00000000,0.00000000,0.00000000
911.00550275,0.75719473,0.24279398,0.00001130,0.00000000,0.00000000,0.00000000,0.00000000
920.86043022,0.75719400,0.24279314,0.00001286,0.00000000,0.00000000,0.00000000,0.00000000
930.71535768,0.75719319,0.24279222,0.00001459,0.00000000,0.00000000,0.00000000,0.00000000
940.57028514,0.75719229,0.24279120,0.00001651,0.00000000,0.00000000,0.00000000,0.00000000
950.42521261,0.75719130,0.24279006,0.00001864,0.00000000,0.00000000,0.00000000,0.00000000
960.28014007,0.75719020,0.24278881,0.00002099,0.00000000,0.00000000,0.00000000,0.00000000
970.13506753,0.75718899,0.24278743,0.00002358,0.00000000,0.00000000,0.00000000,0.00000000
979.98999500,0.75718766,0.24278591,0.00002643,0.00000000,0.00000000,0.00000000,0.00000000
989.84492246,0.75718621,0.24278424,0.00002955,0.00000000,0.00000000,0.00000000,0.00000000
999.69984992,0.75718461,0.24278242,0.00003297,0.00000000,0.00000000,0.00000000,0.00000000
1009.55477739,0.75718288,0.24278045,0.00003666,0.00000000,0.00000000,0.00000000,0.00000000
1019.40970485,0.75718098,0.24277828,0.00004074,0.00000000,0.00000000,0.00000000,0.00000000
1029.26463232,0.75717892,0.24277592,0.00004517,0.00000000,0.00000000,0.00000000,0.00000000
1039.11955978,0.75717667,0.24277335,0.00004998,0.00000000,0.00000000,0.00000000,0.00000000
1048.97448724,0.75717423,0.24277056,0.00005521,0.00000000,0.00000000,0.00000000,0.00000000
1058.82941471,0.75717159,0.24276755,0.00006087,0.00000000,0.00000000,0.00000000,0.00000000
1068.68434217,0.75716873,0.24276428,0.00006698,0.00000000,0.00000000,0.00000000,0.00000000
1078.53926963,0.75716565,0.24276076,0.00007359,0.00000000,0.00000000,0.00000000,0.00000000
1088.39419710,0.75716233,0.24275697,0.00008070,0.00000000,0.00000000,0.00000000,0.00000000
1098.24912456,0.75715875,0.24275289,0.00008836,0.00000000,0.00000000,0.00000000,0.00000000
1108.10405203,0.75715491,0.24274850,0.00009659,0.00000000,0.00000000,0.00000000,0.00000000
1117.95897949,0.75715079,0.24274379,0.00010542,0.00000000,0.00000000,0.00000000,0.00000000
1127.81390695,0.75714637,0.24273874,0.00011488,0.00000000,0.00000000,0.00000000,0.00000000
1137.66883442,0.75714165,0.24273334,0.00012501,0.00000000,0.00000000,0.00000000,0.00000000
1147.52376188,0.75713660,0.24272758,0.00013583,0.00000000,0.00000000,0.00000000,0.00000000
1157.37868934,0.75713121,0.24272142,0.00014737,0.00000000,0.00000000,0.00000000,0.00000000
1167.23361681,0.75712546,0.24271485,0.00015968,0.00000000,0.00000000,0.00000000,0.00000000
1177.08854427,0.75711934,0.24270786,0.00017279,0.00000000,0.00000000,0.00000000,0.00000000
1186.94347174,0.75711284,0.24270043,0.00018672,0.00000000,0.00000000,0.00000000,0.00000000
1196.79839920,0.75710593,0.24269254,0.00020153,0.00000000,0.00000001,0.00000000,0.00000000
1206.65332666,0.75709860,0.24268416,0.00021723,0.00000000,0.00000001,0.00000000,0.00000000
1216.50825413,0.75709083,0.24267529,0.00023388,0.00000000,0.00000001,0.00000000,0.00000000
1226.36318159,0.75708260,0.24266589,0.00025150,0.00000000,0.00000001,0.00000000,0.00000000
1236.21810905,0.75707390,0.24265595,0.00027013,0.00000000,0.00000001,0.00000000,0.00000000
1246.07303652,0.75706471,0.24264545,0.00028982,0.00000000,0.00000002,0.00000000,0.00000000
1255.92796398,0.75705501,0.24263436,0.00031060,0.00000000,0.00000002,0.00000000,0.00000000
1265.78289145,0.75704478,0.24262268,0.00033251,0.00000000,0.00000002,0.00000000,0.00000000
1275.63781891,0.75703401,0.24261037,0.00035560,0.00000000,0.00000003,0.00000000,0.00000000
1285.49274637,0.75702267,0.24259741,0.00037989,0.00000000,0.00000003,0.00000000,0.00000000
1295.34767384,0.75701075,0.24258378,0.00040543,0.00000000,0.00000004,0.00000000,0.00000000
1305.20260130,0.75699822,0.24256946,0.00043227,0.00000000,0.00000005,0.00000000,0.00000000
1315.05752876,0.75698507,0.24255443,0.00046044,0.00000000,0.00000006,0.00000000,0.00000000
1324.91245623,0.75697128,0.24253867,0.00048998,0.00000000,0.00000007,0.00000000,0.00000000
1334.76738369,0.75695683,0.24252215,0.00052094,0.00000000,0.00000008,0.00000000,0.00000000
1344.62231116,0.75694169,0.24250485,0.00055336,0.00000000,0.00000010,0.00000000,0.00000000
1354.47723862,0.75692586,0.24248674,0.00058728,0.00000000,0.00000012,0.00000000,0.00000000
1364.33216608,0.75690931,0.24246782,0.00062274,0.00000000,0.00000014,0.00000000,0.00000000
1374.18709355,0.75689202,0.24244804,0.00065978,0.00000000,0.00000016,0.00000000,0.00000000
1384.04202101,0.75687396,0.24242739,0.00069845,0.00000000,0.00000019,0.00000000,0.00000000
1393.89694847,0.75685513,0.24240585,0.00073880,0.00000000,0.00000022,0.00000000,0.00000000
1403.75187594,0.75683550,0.24238339,0.00078085,0.00000000,0.00000026,0.00000000,0.00000000
1413.60680340,0.75681505,0.24235999,0.00082466,0.00000000,0.00000030,0.00000000,0.00000000
1423.46173087,0.75679376,0.24233562,0.00087027,0.00000000,0.00000035,0.00000000,0.00000000
1433.31665833,0.75677162,0.24231027,0.00091772,0.00000000,0.00000040,0.00000000,0.00000000
1443.17158579,0.75674859,0.24228390,0.00096704,0.00000000,0.00000047,0.00000000,0.00000000
1453.02651326,0.75672466,0.24225650,0.00101830,0.00000000,0.00000054,0.00000000,0.00000000
1462.88144072,0.75669982,0.24222804,0.00107152,0.00000000,0.00000062,0.00000000,0.00000000
1472.73636818,0.75667404,0.24219849,0.00112675,0.00000000,0.00000072,0.00000000,0.00000000
1482.59129565,0.75664730,0.24216784,0.00118404,0.00000000,0.00000082,0.00000000,0.00000000
1492.44622311,0.75661958,0.24213606,0.00124341,0.00000000,0.00000094,0.00000000,0.00000000
1502.30115058,0.75659087,0.24210313,0.00130493,0.00000000,0.00000108,0.00000000,0.00000000
1512.15607804,0.75656114,0.24206902,0.00136861,0.00000000,0.00000123,0.00000000,0.00000000
1522.01100550,0.75653037,0.24203371,0.00143452,0.00000000,0.00000140,0.00000000,0.00000000
1531.86593297,0.75649856,0.24199717,0.00150268,0.00000000,0.00000159,0.00000000,0.00000000
1541.72086043,0.75646566,0.24195938,0.00157314,0.00000000,0.00000181,0.00000000,0.00000000
1551.57578789,0.75643168,0.24192032,0.00164594,0.00000000,0.00000205,0.00000000,0.00000000
1561.43071536,0.75639659,0.24187996,0.00172112,0.00000000,0.00000233,0.00000000,0.00000000
1571.28564282,0.75636037,0.24183829,0.00179872,0.00000000,0.00000263,0.00000000,0.00000000
1581.14057029,0.75632300,0.24179526,0.00187877,0.00000000,0.00000297,0.00000000,0.00000000
1590.99549775,0.75628447,0.24175087,0.00196132,0.00000000,0.00000335,0.00000000,0.00000000
1600.85042521,0.75624475,0.24170508,0.00204640,0.00000000,0.00000377,0.00000000,0.00000000
1610.70535268,0.75620383,0.24165788,0.00213405,0.00000000,0.00000423,0.00000000,0.00000000
1620.56028014,0.75616170,0.24160923,0.00222432,0.00000000,0.00000475,0.00000000,0.00000000
1630.41520760,0.75611833,0.24155912,0.00231722,0.00000000,0.00000532,0.00000000,0.00000000
1640.27013507,0.75607371,0.24150752,0.00241281,0.00000000,0.00000596,0.00000000,0.00000000
1650.12506253,0.75602783,0.24145440,0.00251111,0.00000000,0.00000666,0.00000000,0.00000000
1659.97998999,0.75598065,0.24139974,0.00261216,0.00000000,0.00000744,0.00000000,0.00000000
1669.83491746,0.75593218,0.24134352,0.00271601,0.00000000,0.00000829,0.00000000,0.00000000
1679.68984492,0.75588239,0.24128571,0.00282267,0.00000000,0.00000923,0.00000000,0.00000000
1689.54477239,0.75583127,0.24122628,0.00293218,0.00000000,0.00001027,0.00000000,0.00000000
1699.39969985,0.75577881,0.24116521,0.00304458,0.00000000,0.00001140,0.00000000,0.00000000
1709.25462731,0.75572498,0.24110248,0.00315990,0.00000000,0.00001265,0.00000000,0.00000000
1719.10955478,0.75566977,0.24103805,0.00327816,0.00000000,0.00001402,0.00000000,0.00000000
1728.96448224,0.75561317,0.24097191,0.00339941,0.00000000,0.00001551,0.00000000,0.00000000
1738.81940970,0.75555517,0.24090401,0.00352367,0.00000000,0.00001715,0.00000000,0.00000000
1748.67433717,0.75549575,0.24083435,0.00365096,0.00000000,0.00001894,0.00000000,0.00000000
1758.52926463,0.75543489,0.24076289,0.00378133,0.00000000,0.00002089,0.00000000,0.00000000
1768.38419210,0.75537260,0.24068960,0.00391479,0.00000000,0.00002302,0.00000000,0.00000000
1778.23911956,0.75530884,0.24061446,0.00405137,0.00000000,0.00002533,0.00000000,0.00000000
1788.09404702,0.75524361,0.24053743,0.00419111,0.00000000,0.00002785,0.00000000,0.00000000
1797.94897449,0.75517690,0.24045849,0.00433402,0.00000000,0.00003059,0.00000000,0.00000000
1807.80390195,0.75510870,0.24037761,0.00448013,0.00000000,0.00003356,0.00000000,0.00000000
1817.65882941,0.75503899,0.24029475,0.00462947,0.00000000,0.00003679,0.00000000,0.00000000
1827.51375688,0.75496776,0.24020990,0.00478206,0.00000000,0.00004029,0.00000000,0.00000000
1837.36868434,0.75489501,0.24012301,0.00493791,0.00000000,0.00004407,0.00000000,0.00000000
1847.22361181,0.75482071,0.24003405,0.00509707,0.00000000,0.00004817,0.00000000,0.00000000
1857.07853927,0.75474488,0.23994300,0.00525953,0.00000000,0.00005260,0.00000000,0.00000000
1866.93346673,0.75466748,0.23984981,0.00542534,0.00000000,0.00005738,0.00000000,0.00000000
1876.78839420,0.75458852,0.23975446,0.00559449,0.00000000,0.00006253,0.00000000,0.00000000
1886.64332166,0.75450798,0.23965690,0.00576703,0.00000000,0.00006809,0.00000000,0.00000000
1896.49824912,0.75442586,0.23955711,0.00594295,0.00000000,0.00007408,0.00000000,0.00000000
1906.35317659,0.75434215,0.23945504,0.00612228,0.00000000,0.00008053,0.00000000,0.00000000
1916.20810405,0.75425684,0.23935066,0.00630504,0.00000000,0.00008746,0.00000000,0.00000000
1926.06303152,0.75416992,0.23924393,0.00649124,0.00000000,0.00009491,0.00000000,0.00000000
1935.91795898,0.75408139,0.23913481,0.00668089,0.00000000,0.00010290,0.00000000,0.00000000
1945.77288644,0.75399124,0.23902326,0.00687402,0.00000000,0.00011148,0.00000000,0.00000000
1955.62781391,0.75389947,0.23890923,0.00707062,0.00000000,0.00012067,0.00000000,0.00000000
1965.48274137,0.75380606,0.23879269,0.00727073,0.00000000,0.00013052,0.00000000,0.00000000
1975.33766883,0.75371102,0.23867358,0.00747433,0.00000000,0.00014107,0.00000000,0.00000000
1985.19259630,0.75361433,0.23855187,0.00768145,0.00000000,0.00015234,0.00000000,0.00000000
1995.04752376,0.75351601,0.23842750,0.00789210,0.00000000,0.00016440,0.00000000,0.00000000
2004.90245123,0.75341603,0.23830042,0.00810628,0.00000000,0.00017727,0.00000000,0.00000000
2014.75737869,0.75331439,0.23817059,0.00832401,0.00000000,0.00019101,0.00000000,0.00000000
2024.61230615,0.75321111,0.23803795,0.00854528,0.00000000,0.00020566,0.00000000,0.00000000
2034.46723362,0.75310616,0.23790246,0.00877010,0.00000000,0.00022128,0.00000000,0.00000000
2044.32216108,0.75299955,0.23776404,0.00899849,0.00000000,0.00023792,0.00000000,0.00000000
2054.17708854,0.75289128,0.23762266,0.00923044,0.00000000,0.00025563,0.00000000,0.00000000
2064.03201601,0.75278134,0.23747824,0.00946595,0.00000000,0.00027447,0.00000000,0.00000000
2073.88694347,0.75266974,0.23733074,0.00970503,0.00000000,0.00029449,0.00000000,0.00000000
2083.74187094,0.75255647,0.23718008,0.00994768,0.00000000,0.00031577,0.00000000,0.00000000
2093.59679840,0.75244154,0.23702620,0.01019390,0.00000000,0.00033836,0.00000000,0.00000000
2103.45172586,0.75232494,0.23686904,0.01044369,0.00000000,0.00036233,0.00000000,0.00000000
2113.30665333,0.75220667,0.23670854,0.01069705,0.00000000,0.00038775,0.00000000,0.00000000
2123.16158079,0.75208674,0.23654461,0.01095397,0.00000000,0.00041468,0.00000000,0.00000000
2133.01650825,0.75196515,0.23637719,0.01121445,0.00000000,0.00044322,0.00000000,0.00000000
2142.87143572,0.75184190,0.23620620,0.01147848,0.00000000,0.00047342,0.00000000,0.00000000
2152.72636318,0.75171699,0.23603157,0.01174607,0.00000000,0.00050537,0.00000000,0.00000000
2162.58129065,0.75159043,0.23585321,0.01201720,0.00000000,0.00053916,0.00000000,0.00000000
2172.43621811,0.75146221,0.23567106,0.01229187,0.00000000,0.00057486,0.00000000,0.00000000
2182.29114557,0.75133235,0.23548502,0.01257006,0.00000000,0.00061256,0.00000000,0.00000000
2192.14607304,0.75120085,0.23529501,0.01285177,0.00000000,0.00065237,0.00000000,0.00000000
2202.00100050,0.75106771,0.23510093,0.01313699,0.00000001,0.00069436,0.00000000,0.00000000
2211.85592796,0.75093294,0.23490271,0.01342570,0.00000001,0.00073864,0.00000000,0.00000000
2221.71085543,0.75079655,0.23470025,0.01371790,0.00000001,0.00078530,0.00000000,0.00000000
2231.56578289,0.75065853,0.23449344,0.01401356,0.00000001,0.00083446,0.00000000,0.00000000
2241.42071036,0.75051891,0.23428220,0.01431267,0.00000001,0.00088621,0.00000000,0.00000000
2251.27563782,0.75037768,0.23406642,0.01461522,0.00000001,0.00094067,0.00000000,0.00000000
2261.13056528,0.75023485,0.23384600,0.01492119,0.00000001,0.00099795,0.00000000,0.00000000
2270.98549275,0.75009044,0.23362083,0.01523056,0.00000001,0.00105816,0.00000000,0.00000000
2280.84042021,0.74994444,0.23339081,0.01554331,0.00000001,0.00112142,0.00000000,0.00000000
2290.69534767,0.74979688,0.23315581,0.01585943,0.00000001,0.00118786,0.00000000,0.00000000
2300.55027514,0.74964776,0.23291573,0.01617887,0.00000002,0.00125761,0.00000000,0.00000000
2310.40520260,0.74949710,0.23267046,0.01650164,0.00000002,0.00133079,0.00000000,0.00000000
2320.26013007,0.74934490,0.23241986,0.01682769,0.00000002,0.00140753,0.00000000,0.00000000
2330.11505753,0.74919117,0.23216382,0.01715701,0.00000002,0.00148798,0.00000000,0.00000000
2339.96998499,0.74903593,0.23190221,0.01748957,0.00000003,0.00157227,0.00000000,0.00000000
2349.82491246,0.74887919,0.23163490,0.01782534,0.00000003,0.00166055,0.00000000,0.00000000
2359.67983992,0.74872097,0.23136176,0.01816428,0.00000003,0.00175296,0.00000000,0.00000000
2369.53476738,0.74856128,0.23108265,0.01850638,0.00000003,0.00184965,0.00000000,0.00000000
2379.38969485,0.74840013,0.23079745,0.01885160,0.00000004,0.00195079,0.00000000,0.00000000
2389.24462231,0.74823754,0.23050599,0.01919990,0.00000004,0.00205652,0.00000000,0.00000000
2399.09954977,0.74807353,0.23020816,0.01955125,0.00000005,0.00216702,0.00000000,0.00000000
2408.95447724,0.74790810,0.22990379,0.01990562,0.00000005,0.00228244,0.00000000,0.00000000
2418.80940470,0.74774129,0.22959273,0.02026296,0.00000006,0.00240296,0.00000000,0.00000000
2428.66433217,0.74757311,0.22927485,0.02062324,0.00000006,0.00252874,0.00000000,0.00000000
2438.51925963,0.74740357,0.22894997,0.02098642,0.00000007,0.00265997,0.00000000,0.00000000
2448.37418709,0.74723270,0.22861794,0.02135246,0.00000008,0.00279682,0.00000000,0.00000000
2458.22911456,0.74706052,0.22827861,0.02172131,0.00000008,0.00293948,0.00000000,0.00000000
2468.08404202,0.74688704,0.22793180,0.02209293,0.00000009,0.00308814,0.00000000,0.00000000
2477.93896948,0.74671229,0.22757736,0.02246728,0.00000010,0.00324298,0.00000000,0.00000000
2487.79389695,0.74653628,0.22721510,0.02284430,0.00000011,0.00340421,0.00000000,0.00000000
2497.64882441,0.74635906,0.22684487,0.02322394,0.00000012,0.00357201,0.00000000,0.00000000
2507.50375188,0.74618063,0.22646648,0.02360617,0.00000013,0.00374660,0.00000000,0.00000000
2517.35867934,0.74600101,0.22607976,0.02399091,0.00000014,0.00392817,0.00000000,0.00000000
2527.21360680,0.74582025,0.22568452,0.02437813,0.00000016,0.00411694,0.00000000,0.00000000
2537.06853427,0.74563836,0.22528059,0.02476777,0.00000017,0.00431312,0.00000000,0.00000000
2546.92346173,0.74545536,0.22486778,0.02515976,0.00000019,0.00451691,0.00000000,0.00000000
2556.77838919,0.74527129,0.22444590,0.02555405,0.00000021,0.00472855,0.00000000,0.00000000
2566.63331666,0.74508617,0.22401477,0.02595058,0.00000023,0.00494825,0.00000000,0.00000000
2576.48824412,0.74490004,0.22357419,0.02634929,0.00000025,0.00517624,0.00000000,0.00000000
2586.34317159,0.74471291,0.22312396,0.02675011,0.00000027,0.00541275,0.00000000,0.00000000
2596.19809905,0.74452483,0.22266390,0.02715298,0.00000029,0.00565800,0.00000000,0.00000000
2606.05302651,0.74433582,0.22219380,0.02755783,0.00000032,0.00591223,0.00000000,0.00000000
2615.90795398,0.74414592,0.22171346,0.02796459,0.00000034,0.00617568,0.00000000,0.00000000
2625.76288144,0.74395516,0.22122269,0.02837319,0.00000037,0.00644859,0.00000000,0.00000000
2635.61780890,0.74376357,0.22072127,0.02878356,0.00000041,0.00673119,0.00000000,0.00000000
2645.47273637,0.74357118,0.22020901,0.02919563,0.00000044,0.00702373,0.00000000,0.00000000
2655.32766383,0.74337804,0.21968570,0.02960931,0.00000048,0.00732647,0.00000000,0.00000000
2665.18259130,0.74318418,0.21915113,0.03002453,0.00000052,0.00763964,0.00000000,0.00000000
2675.03751876,0.74298963,0.21860510,0.03044120,0.00000056,0.00796350,0.00000000,0.00000000
2684.89244622,0.74279444,0.21804739,0.03085926,0.00000061,0.00829830,0.00000000,0.00000000
2694.74737369,0.74259864,0.21747779,0.03127860,0.00000066,0.00864430,0.00000000,0.00000000
2704.60230115,0.74240228,0.21689610,0.03169915,0.00000071,0.00900175,0.00000000,0.00000000
2714.45722861,0.74220539,0.21630210,0.03212082,0.00000077,0.00937091,0.00000000,0.00000000
2724.31215608,0.74200801,0.21569559,0.03254352,0.00000083,0.00975204,0.00000000,0.00000000
2734.16708354,0.74181020,0.21507635,0.03296715,0.00000090,0.01014540,0.00000000,0.00000000
2744.02201101,0.74161199,0.21444417,0.03339162,0.00000097,0.01055125,0.00000000,0.00000000
2753.87693847,0.74141342,0.21379884,0.03381684,0.00000105,0.01096985,0.00000000,0.00000000
2763.73186593,0.74121455,0.21314016,0.03424271,0.00000113,0.01140146,0.00000000,0.00000000
2773.58679340,0.74101541,0.21246791,0.03466912,0.00000121,0.01184635,0.00000000,0.00000000
2783.44172086,0.74081607,0.21178188,0.03509597,0.00000131,0.01230477,0.00000000,0.00000000
2793.29664832,0.74061655,0.21108188,0.03552317,0.00000141,0.01277699,0.00000000,0.00000000
2803.15157579,0.74041693,0.21036769,0.03595059,0.00000151,0.01326328,0.00000000,0.00000000
2813.00650325,0.74021723,0.20963911,0.03637815,0.00000163,0.01376388,0.00000000,0.00000000
2822.86143072,0.74001753,0.20889595,0.03680571,0.00000175,0.01427906,0.00000000,0.00000000
2832.71635818,0.73981786,0.20813800,0.03723318,0.00000188,0.01480908,0.00000000,0.00000000
2842.57128564,0.73961828,0.20736508,0.03766043,0.00000202,0.01535420,0.00000000,0.00000000
2852.42621311,0.73941885,0.20657697,0.03808735,0.00000216,0.01591466,0.00000000,0.00000000
2862.28114057,0.73921962,0.20577351,0.03851382,0.00000232,0.01649073,0.00000000,0.00000000
2872.13606803,0.73902064,0.20495450,0.03893972,0.00000249,0.01708265,0.00000000,0.00000000
2881.99099550,0.73882198,0.20411977,0.03936492,0.00000267,0.01769066,0.00000000,0.00000000
2891.84592296,0.73862369,0.20326913,0.03978931,0.00000286,0.01831502,0.00000000,0.00000000
2901.70085043,0.73842583,0.20240241,0.04021274,0.00000306,0.01895596,0.00000000,0.00000000
2911.55577789,0.73822846,0.20151945,0.04063510,0.00000327,0.01961372,0.00000000,0.00000000
2921.41070535,0.73803164,0.20062008,0.04105625,0.00000350,0.02028852,0.00000000,0.00000000
2931.26563282,0.73783543,0.19970415,0.04147606,0.00000374,0.02098061,0.00000000,0.00000000
2941.12056028,0.73763990,0.19877151,0.04189439,0.00000400,0.02169019,0.00000000,0.00000000
2950.97548774,0.73744511,0.19782202,0.04231111,0.00000428,0.02241749,0.00000000,0.00000000
2960.83041521,0.73725112,0.19685553,0.04272607,0.00000457,0.02316272,0.00000000,0.00000000
2970.68534267,0.73705799,0.19587193,0.04313913,0.00000487,0.02392607,0.00000000,0.00000000
2980.54027014,0.73686580,0.19487109,0.04355016,0.00000520,0.02470776,0.00000000,0.00000000
2990.39519760,0.73667461,0.19385289,0.04395900,0.00000555,0.02550796,0.00000000,0.00000000
3000.25012506,0.73648448,0.19281723,0.04436551,0.00000591,0.02632686,0.00000000,0.00000000
3010.10505253,0.73629549,0.19176402,0.04476955,0.00000630,0.02716463,0.00000000,0.00000000
3019.95997999,0.73610771,0.19069317,0.04517096,0.00000671,0.02802145,0.00000000,0.00000000
3029.81490745,0.73592120,0.18960461,0.04556958,0.00000714,0.02889747,0.00000000,0.00000000
3039.66983492,0.73573603,0.18849826,0.04596528,0.00000760,0.02979283,0.00000000,0.00000000
3049.52476238,0.73555228,0.18737407,0.04635789,0.00000809,0.03070767,0.00000000,0.00000000
3059.37968984,0.73537001,0.18623201,0.04674725,0.00000860,0.03164213,0.00000000,0.00000000
3069.23461731,0.73518930,0.18507203,0.04713321,0.00000915,0.03259631,0.00000000,0.00000000
3079.08954477,0.73501022,0.18389412,0.04751562,0.00000972,0.03357032,0.00000000,0.00000000
3088.94447224,0.73483284,0.18269826,0.04789431,0.00001033,0.03456425,0.00000000,0.00000000
3098.79939970,0.73465725,0.18148448,0.04826912,0.00001097,0.03557819,0.00000000,0.00000000
3108.65432716,0.73448350,0.18025277,0.04863989,0.00001164,0.03661220,0.00000000,0.00000000
3118.50925463,0.73431167,0.17900319,0.04900645,0.00001235,0.03766633,0.00000000,0.00000000
3128.36418209,0.73414185,0.17773576,0.04936866,0.00001311,0.03874063,0.00000000,0.00000000
3138.21910955,0.73397410,0.17645056,0.04972633,0.00001390,0.03983511,0.00000000,0.00000000
3148.07403702,0.73380849,0.17514767,0.05007931,0.00001473,0.04094980,0.00000000,0.00000000
3157.92896448,0.73364511,0.17382716,0.05042743,0.00001561,0.04208468,0.00000000,0.00000000
3167.78389195,0.73348403,0.17248917,0.05077053,0.00001654,0.04323974,0.00000000,0.00000000
3177.63881941,0.73332532,0.17113380,0.05110844,0.00001751,0.04441493,0.00000000,0.00000000
3187.49374687,0.73316906,0.16976120,0.05144100,0.00001854,0.04561021,0.00000000,0.00000000
3197.34867434,0.73301531,0.16837153,0.05176804,0.00001962,0.04682549,0.00000000,0.00000000
3207.20360180,0.73286417,0.16696497,0.05208941,0.00002075,0.04806070,0.00000000,0.00000000
3217.05852926,0.73271569,0.16554170,0.05240493,0.00002194,0.04931573,0.00000000,0.00000000
3226.91345673,0.73256996,0.16410195,0.05271444,0.00002320,0.05059045,0.00000000,0.00000000
3236.76838419,0.73242704,0.16264595,0.05301778,0.00002452,0.05188471,0.00000000,0.00000000
3246.62331166,0.73228701,0.16117393,0.05331479,0.00002590,0.05319835,0.00000000,0.00000000
3256.47823912,0.73214994,0.15968618,0.05360531,0.00002736,0.05453120,0.00000001,0.00000000
3266.33316658,0.73201590,0.15818298,0.05388919,0.00002888,0.05588304,0.00000001,0.00000000
3276.18809405,0.73188497,0.15666464,0.05416626,0.00003049,0.05725365,0.00000001,0.00000000
3286.04302151,0.73175720,0.15513147,0.05443637,0.00003217,0.05864278,0.00000001,0.00000000
3295.89794897,0.73163267,0.15358384,0.05469937,0.00003393,0.06005018,0.00000001,0.00000000
3305.75287644,0.73151144,0.15202210,0.05495510,0.00003578,0.06147556,0.00000001,0.00000000
3315.60780390,0.73139358,0.15044665,0.05520343,0.00003772,0.06291861,0.00000001,0.00000000
3325.46273137,0.73127916,0.14885788,0.05544420,0.00003976,0.06437900,0.00000001,0.00000000
3335.31765883,0.73116823,0.14725622,0.05567727,0.00004189,0.06585638,0.00000002,0.00000000
3345.17258629,0.73106086,0.14564211,0.05590251,0.00004412,0.06735038,0.00000002,0.00000000
3355.02751376,0.73095710,0.14401603,0.05611978,0.00004645,0.06886062,0.00000002,0.00000000
3364.88244122,0.73085701,0.14237845,0.05632894,0.00004890,0.07038667,0.00000002,0.00000000
3374.73736868,0.73076066,0.14072988,0.05652987,0.00005146,0.07192810,0.00000003,0.00000000
3384.59229615,0.73066808,0.13907083,0.05672245,0.00005414,0.07348446,0.00000003,0.00000000
3394.44722361,0.73057934,0.13740186,0.05690655,0.00005694,0.07505528,0.00000004,0.00000000
3404.30215108,0.73049448,0.13572351,0.05708206,0.00005988,0.07664004,0.00000004,0.00000000
3414.15707854,0.73041354,0.13403636,0.05724887,0.00006294,0.07823824,0.00000005,0.00000000
3424.01200600,0.73033658,0.13234100,0.05740688,0.00006614,0.07984934,0.00000006,0.00000000
3433.86693347,0.73026362,0.13063805,0.05755599,0.00006949,0.08147278,0.00000006,0.00000000
3443.72186093,0.73019472,0.12892813,0.05769610,0.00007299,0.08310800,0.00000007,0.00000000
3453.57678839,0.73012990,0.12721188,0.05782713,0.00007664,0.08475438,0.00000008,0.00000000
3463.43171586,0.73006919,0.12548995,0.05794899,0.00008046,0.08641132,0.00000009,0.00000000
3473.28664332,0.73001263,0.12376302,0.05806161,0.00008444,0.08807820,0.00000010,0.00000000
3483.14157079,0.72996025,0.12203177,0.05816492,0.00008860,0.08975436,0.00000011,0.00000000
3492.99649825,0.72991206,0.12029689,0.05825886,0.00009293,0.09143915,0.00000012,0.00000000
3502.85142571,0.72986812,0.11855911,0.05834337,0.00009746,0.09313189,0.00000005,0.00000000
3512.70635318,0.72982837,0.11681910,0.05841841,0.00010217,0.09483189,0.00000005,0.00000000
3522.56128064,0.72979286,0.11507762,0.05848392,0.00010709,0.09653844,0.00000006,0.00000000
3532.41620810,0.72976161,0.11333538,0.05853989,0.00011222,0.09825083,0.00000007,0.00000000
3542.27113557,0.72973461,0.11159314,0.05858628,0.00011757,0.09996833,0.00000008,0.00000000
3552.12606303,0.72971186,0.10985163,0.05862308,0.00012313,0.10169021,0.00000008,0.00000000
3561.98099050,0.72969336,0.10811162,0.05865027,0.00012893,0.10341573,0.00000009,0.00000000
3571.83591796,0.72967910,0.10637384,0.05866785,0.00013497,0.10514412,0.00000010,0.00000000
3581.69084542,0.72966908,0.10463907,0.05867584,0.00014126,0.10687464,0.00000012,0.00000000
3591.54577289,0.72966328,0.10290804,0.05867423,0.00014781,0.10860651,0.00000013,0.00000000
3601.40070035,0.72966167,0.10118152,0.05866307,0.00015462,0.11033897,0.00000014,0.00000000
3611.25562781,0.72966424,0.09946027,0.05864237,0.00016171,0.11207126,0.00000016,0.00000000
3621.11055528,0.72967095,0.09774503,0.05861217,0.00016908,0.11380259,0.00000017,0.00000000
3630.96548274,0.72968178,0.09603654,0.05857252,0.00017675,0.11553221,0.00000019,0.00000000
3640.82041021,0.72969669,0.09433556,0.05852349,0.00018472,0.11725934,0.00000021,0.00000000
3650.67533767,0.72971563,0.09264279,0.05846512,0.00019301,0.11898321,0.00000024,0.00000000
3660.53026513,0.72973857,0.09095898,0.05839750,0.00020162,0.12070307,0.00000026,0.00000000
3670.38519260,0.72976546,0.08928483,0.05832070,0.00021057,0.12241815,0.00000029,0.00000000
3680.24012006,0.72979624,0.08762104,0.05823481,0.00021986,0.12412772,0.00000032,0.00000000
3690.09504752,0.72983086,0.08596830,0.05813994,0.00022952,0.12583104,0.00000035,0.00000000
3699.94997499,0.72986925,0.08432728,0.05803617,0.00023954,0.12752737,0.00000039,0.00000000
3709.80490245,0.72991136,0.08269864,0.05792362,0.00024995,0.12921600,0.00000043,0.00000000
3719.65982991,0.72995711,0.08108303,0.05780242,0.00026075,0.13089622,0.00000047,0.00000000
3729.51475738,0.73000643,0.07948105,0.05767269,0.00027196,0.13256735,0.00000052,0.00000000
3739.36968484,0.73005926,0.07789332,0.05753455,0.00028359,0.13422870,0.00000057,0.00000000
3749.22461231,0.73011550,0.07632043,0.05738816,0.00029565,0.13587963,0.00000063,0.00000000
3759.07953977,0.73017508,0.07476293,0.05723366,0.00030816,0.13751948,0.00000069,0.00000000
3768.93446723,0.73023791,0.07322136,0.05707120,0.00032113,0.13914765,0.00000076,0.00000000
3778.78939470,0.73030391,0.07169625,0.05690094,0.00033457,0.14076351,0.00000083,0.00000000
3788.64432216,0.73037297,0.07018808,0.05672304,0.00034850,0.14236649,0.00000091,0.00000000
3798.49924962,0.73044502,0.06869734,0.05653767,0.00036294,0.14395603,0.00000100,0.00000000
3808.35417709,0.73051995,0.06722446,0.05634502,0.00037790,0.14553160,0.00000109,0.00000000
3818.20910455,0.73059765,0.06576986,0.05614525,0.00039339,0.14709266,0.00000119,0.00000000
3828.06403202,0.73067804,0.06433394,0.05593855,0.00040943,0.14863874,0.00000130,0.00000000
3837.91895948,0.73076101,0.06291707,0.05572512,0.00042604,0.15016936,0.00000141,0.00000000
3847.77388694,0.73084644,0.06151958,0.05550514,0.00044323,0.15168408,0.00000153,0.00000000
3857.62881441,0.73093423,0.06014181,0.05527880,0.00046102,0.15318248,0.00000166,0.00000000
3867.48374187,0.73102429,0.05878402,0.05504631,0.00047943,0.15466417,0.00000178,0.00000000
3877.33866933,0.73111649,0.05744649,0.05480787,0.00049848,0.15612878,0.00000190,0.00000000
3887.19359680,0.73121071,0.05612945,0.05456367,0.00051818,0.15757596,0.00000202,0.00000000
3897.04852426,0.73130685,0.05483310,0.05431393,0.00053855,0.15900541,0.00000215,0.00000000
3906.90345173,0.73140480,0.05355764,0.05405884,0.00055962,0.16041682,0.00000228,0.00000000
3916.75837919,0.73150442,0.05230320,0.05379862,0.00058139,0.16180994,0.00000242,0.00000000
3926.61330665,0.73160562,0.05106992,0.05353347,0.00060390,0.16318452,0.00000256,0.00000000
3936.46823412,0.73170826,0.04985791,0.05326360,0.00062716,0.16454035,0.00000271,0.00000000
3946.32316158,0.73181224,0.04866724,0.05298922,0.00065119,0.16587725,0.00000286,0.00000000
3956.17808904,0.73191744,0.04749797,0.05271053,0.00067601,0.16719503,0.00000301,0.00000000
3966.03301651,0.73202373,0.04635013,0.05242775,0.00070165,0.16849357,0.00000317,0.00000000
3975.88794397,0.73213100,0.04522372,0.05214107,0.00072812,0.16977276,0.00000333,0.00000000
3985.74287144,0.73223914,0.04411873,0.05185071,0.00075545,0.17103248,0.00000349,0.00000000
3995.59779890,0.73234802,0.04303512,0.05155685,0.00078367,0.17227268,0.00000366,0.00000000
4005.45272636,0.73245752,0.04197284,0.05125972,0.00081279,0.17349331,0.00000383,0.00000000
4015.30765383,0.73256754,0.04093180,0.05095950,0.00084284,0.17469433,0.00000400,0.00000000
4025.16258129,0.73267795,0.03991190,0.05065639,0.00087384,0.17587575,0.00000417,0.00000000
4035.01750875,0.73278865,0.03891304,0.05035058,0.00090582,0.17703758,0.00000434,0.00000000
4044.87243622,0.73289950,0.03793507,0.05004227,0.00093880,0.17817984,0.00000452,0.00000000
4054.72736368,0.73301041,0.03697784,0.04973164,0.00097281,0.17930259,0.00000470,0.00000000
4064.58229115,0.73312126,0.03604119,0.04941888,0.00100788,0.18040591,0.00000488,0.00000000
4074.43721861,0.73323194,0.03512493,0.04910417,0.00104403,0.18148987,0.00000506,0.00000000
4084.29214607,0.73334234,0.03422887,0.04878768,0.00108129,0.18255457,0.00000525,0.00000000
4094.14707354,0.73345234,0.03335280,0.04846960,0.00111968,0.18360014,0.00000543,0.00000000
4104.00200100,0.73356185,0.03249650,0.04815008,0.00115924,0.18462671,0.00000562,0.00000000
4113.85692846,0.73367075,0.03165973,0.04782930,0.00120000,0.18563441,0.00000581,0.00000000
4123.71185593,0.73377894,0.03084224,0.04750741,0.00124198,0.18662342,0.00000601,0.00000000
4133.56678339,0.73388632,0.03004379,0.04718458,0.00128521,0.18759389,0.00000621,0.00000000
4143.42171086,0.73399306,0.02926434,0.04686115,0.00132973,0.18854658,0.00000514,0.00000000
4153.27663832,0.73409846,0.02850315,0.04653687,0.00137556,0.18948053,0.00000542,0.00000000
4163.13156578,0.73420275,0.02776019,0.04621210,0.00142274,0.19039652,0.00000570,0.00000000
4172.98649325,0.73430583,0.02703516,0.04588696,0.00147130,0.19129476,0.00000598,0.00000000
4182.84142071,0.73440760,0.02632778,0.04556160,0.00152127,0.19217547,0.00000627,0.00000000
4192.69634817,0.73450798,0.02563776,0.04523615,0.00157269,0.19303888,0.00000654,0.00000000
4202.55127564,0.73460687,0.02496480,0.04491074,0.00162558,0.19388523,0.00000678,0.00000000
4212.40620310,0.73470417,0.02430859,0.04458548,0.00167999,0.19471474,0.00000703,0.00000000
4222.26113057,0.73479979,0.02366883,0.04426049,0.00173595,0.19552765,0.00000729,0.00000000
4232.11605803,0.73489364,0.02304521,0.04393589,0.00179349,0.19632421,0.00000756,0.00000000
4241.97098549,0.73498564,0.02243741,0.04361178,0.00185265,0.19710468,0.00000783,0.00000000
4251.82591296,0.73507570,0.02184514,0.04328828,0.00191348,0.19786930,0.00000811,0.00000000
4261.68084042,0.73516373,0.02126807,0.04296547,0.00197599,0.19861834,0.00000840,0.00000000
4271.53576788,0.73524965,0.02070590,0.04264346,0.00204024,0.19935205,0.00000869,0.00000000
4281.39069535,0.73533339,0.02015832,0.04232233,0.00210627,0.20007070,0.00000899,0.00000000
4291.24562281,0.73541485,0.01962501,0.04200218,0.00217410,0.20077455,0.00000930,0.00000000
4301.10055028,0.73549397,0.01910567,0.04168309,0.00224379,0.20146385,0.00000962,0.00000000
4310.95547774,0.73557066,0.01860000,0.04136514,0.00231537,0.20213889,0.00000994,0.00000000
4320.81040520,0.73564484,0.01810768,0.04104841,0.00238889,0.20279992,0.00001027,0.00000000
4330.66533267,0.73571645,0.01762841,0.04073296,0.00246438,0.20344720,0.00001060,0.00000000
4340.52026013,0.73578540,0.01716190,0.04041886,0.00254189,0.20408101,0.00001095,0.00000000
4350.37518759,0.73585162,0.01670784,0.04010619,0.00262147,0.20470159,0.00001129,0.00000000
4360.23011506,0.73591504,0.01626595,0.03979499,0.00270315,0.20530921,0.00001165,0.00000000
4370.08504252,0.73597559,0.01583594,0.03948534,0.00278698,0.20590415,0.00001199,0.00000000
4379.93996998,0.73603319,0.01541751,0.03917729,0.00287301,0.20648665,0.00001233,0.00000000
4389.79489745,0.73608778,0.01501040,0.03887088,0.00296129,0.20705697,0.00001268,0.00000000
4399.64982491,0.73613929,0.01461430,0.03856616,0.00305186,0.20761535,0.00001303,0.00000000
4409.50475238,0.73618776,0.01422889,0.03826309,0.00314477,0.20816168,0.00001382,0.00000000
4419.35967984,0.73623289,0.01385403,0.03796189,0.00324006,0.20869694,0.00001418,0.00000000
4429.21460730,0.73627473,0.01348940,0.03766252,0.00333779,0.20922100,0.00001456,0.00000000
4439.06953477,0.73631322,0.01313472,0.03736500,0.00343801,0.20973412,0.00001494,0.00000000
4448.92446223,0.73634828,0.01278974,0.03706937,0.00354076,0.21023652,0.00001533,0.00000000
4458.77938969,0.73637986,0.01245421,0.03677566,0.00364610,0.21072845,0.00001573,0.00000000
4468.63431716,0.73640788,0.01212788,0.03648390,0.00375409,0.21121013,0.00001613,0.00000000
4478.48924462,0.73643228,0.01181051,0.03619412,0.00386476,0.21168178,0.00001655,0.00000000
4488.34417209,0.73645299,0.01150187,0.03590634,0.00397818,0.21214365,0.00001697,0.00000000
4498.19909955,0.73646996,0.01120172,0.03562058,0.00409441,0.21259593,0.00001740,0.00000000
4508.05402701,0.73648311,0.01090984,0.03533687,0.00421349,0.21303886,0.00001784,0.00000000
4517.90895448,0.73649238,0.01062599,0.03505521,0.00433548,0.21347264,0.00001829,0.00000000
4527.76388194,0.73649771,0.01034998,0.03477563,0.00446045,0.21389749,0.00001875,0.00000000
4537.61880940,0.73649903,0.01008157,0.03449814,0.00458844,0.21431360,0.00001921,0.00000000
4547.47373687,0.73649628,0.00982057,0.03422276,0.00471951,0.21472119,0.00001969,0.00000000
4557.32866433,0.73648940,0.00956678,0.03394948,0.00485373,0.21512043,0.00002018,0.00000000
4567.18359180,0.73647832,0.00931999,0.03367833,0.00499115,0.21551154,0.00002067,0.00000000
4577.03851926,0.73646297,0.00908000,0.03340930,0.00513184,0.21589470,0.00002118,0.00000000
